0: 
1: 0 219 
2: 
3: 9 15 137 162 191 222 273 
4: 28 111 141 
5: 3 10 14 17 19 21 27 49 232 277 
6: 26 52 
7: 20 21 117 133 134 168 180 211 
8: 3 153 218 
9: 7 12 14 22 96 117 168 232 
10: 3 49 72 73 104 238 
11: 
12: 22 168 173 191 192 232 
13: 18 20 21 36 44 113 162 229 238 
14: 3 7 12 49 137 139 170 
15: 109 
16: 12 28 96 173 222 
17: 19 185 285 
18: 20 76 162 185 224 232 
19: 3 17 133 277 
20: 89 105 117 173 191 192 215 225 232 286 
21: 9 113 129 138 192 
22: 12 21 49 103 117 141 168 185 224 277 
23: 25 26 115 170 197 253 
24: 
25: 170 231 243 257 264 
26: 
27: 5 76 102 133 215 242 
28: 12 36 
29: 30 118 277 
30: 29 112 
31: 4 170 242 273 
32: 
33: 261 
34: 107 219 223 
35: 36 38 90 176 274 
36: 28 33 237 261 
37: 38 90 176 
38: 147 212 
39: 33 37 77 274 
40: 170 
41: 241 252 268 
42: 
43: 6 114 256 
44: 5 13 106 161 170 184 203 223 
45: 20 229 277 
46: 
47: 13 
48: 5 13 44 47 
49: 12 50 52 190 
50: 6 12 49 273 
51: 174 238 255 275 283 
52: 12 190 255 
53: 11 32 252 
54: 29 
55: 
56: 108 130 169 216 257 271 
57: 63 135 142 151 
58: 70 219 
59: 82 113 
60: 56 64 151 152 207 210 
61: 16 108 115 148 152 204 
62: 14 56 210 
63: 56 67 131 152 165 169 170 214 219 234 280 
64: 108 115 210 
65: 58 63 161 
66: 63 106 131 143 145 194 220 238 
67: 127 171 200 
68: 67 97 132 200 208 
69: 131 183 206 214 234 
70: 66 97 239 
71: 110 
72: 117 
73: 77 
74: 7 
75: 
76: 103 113 
77: 38 149 188 203 232 244 261 
78: 220 282 
79: 78 220 282 
80: 140 178 193 
81: 104 184 189 
82: 
83: 13 229 
84: 141 218 
85: 
86: 
87: 
88: 144 
89: 45 
90: 37 176 
91: 172 
92: 91 160 
93: 69 92 172 217 
94: 
95: 132 
96: 3 8 20 21 22 133 
97: 101 230 
98: 233 
99: 271 
100: 
101: 97 
102: 4 
103: 13 18 224 
104: 51 81 116 180 232 235 283 
105: 20 113 134 185 191 
106: 44 52 63 131 143 145 200 
107: 
108: 115 204 245 
109: 11 141 284 303 
110: 
111: 4 
112: 242 
113: 27 
114: 99 
115: 23 62 64 
116: 0 49 
117: 16 218 
118: 29 55 
119: 58 68 106 162 208 
120: 
121: 198 
122: 86 
123: 114 157 296 
124: 
125: 68 97 126 194 219 223 
126: 
127: 65 66 143 161 239 
128: 30 91 93 160 
129: 20 103 225 286 
130: 115 135 142 204 263 280 281 
131: 68 69 106 119 127 239 
132: 67 70 127 143 230 
133: 10 14 27 168 
134: 12 16 20 27 137 222 232 
135: 60 130 210 245 257 263 
136: 
137: 82 124 232 
138: 27 105 129 153 162 
139: 96 134 141 167 
140: 193 
141: 31 95 109 185 192 195 219 238 
142: 57 278 
143: 45 66 148 228 239 
144: 52 248 
145: 67 119 125 161 183 208 
146: 
147: 38 
148: 257 
149: 10 37 39 244 
150: 
151: 56 57 210 
152: 57 130 199 257 263 266 281 
153: 16 20 117 
154: 
155: 154 213 
156: 
157: 74 
158: 300 
159: 30 54 
160: 91 128 166 
161: 63 66 132 143 214 230 234 
162: 21 200 225 
163: 42 51 219 246 
164: 
165: 135 151 199 
166: 91 160 213 
167: 18 117 133 137 218 
168: 5 17 22 133 153 
169: 56 57 60 151 
170: 14 41 44 47 63 193 241 268 273 282 288 293 314 
171: 184 
172: 70 92 128 198 206 
173: 3 
174: 
175: 66 
176: 244 
177: 72 141 
178: 220 
179: 
180: 50 51 116 141 184 189 240 255 
181: 
182: 13 27 185 
183: 66 69 106 208 
184: 6 51 189 275 
185: 76 109 113 138 215 232 255 275 
186: 69 217 
187: 44 50 180 232 248 
188: 203 261 
189: 0 6 136 275 
190: 51 171 184 189 235 238 275 
191: 18 103 215 
192: 9 73 117 139 167 258 
193: 140 170 
194: 50 66 183 236 
195: 31 170 
196: 221 233 
197: 170 253 311 
198: 37 93 166 172 206 217 
199: 148 151 281 
200: 44 68 97 119 125 194 
201: 
202: 78 150 265 
203: 44 232 244 
204: 56 63 64 130 199 263 
205: 
206: 186 219 
207: 125 130 245 
208: 66 68 70 127 131 161 200 214 
209: 
210: 115 152 186 245 263 
211: 7 101 
212: 147 176 
213: 91 160 172 206 
214: 63 106 183 232 
215: 
216: 115 152 
217: 93 155 213 
218: 10 12 84 117 
219: 0 8 63 97 125 141 170 172 181 213 223 238 
220: 178 
221: 196 233 254 297 301 
222: 16 139 167 
223: 
224: 18 185 192 232 
225: 
226: 24 25 108 
227: 170 276 
228: 44 66 106 127 161 183 200 208 229 234 
229: 19 20 44 89 185 
230: 68 97 161 
231: 
232: 12 18 22 66 77 117 173 203 224 229 
233: 196 
234: 66 131 208 214 230 232 273 
235: 48 49 52 
236: 306 
237: 
238: 19 21 31 32 180 190 229 255 
239: 63 67 127 131 132 143 156 200 228 
240: 6 
241: 272 
242: 31 41 185 
243: 23 226 
244: 77 176 190 203 
245: 63 108 151 199 
246: 161 
247: 193 220 
248: 43 50 88 144 
249: 60 
250: 
251: 169 
252: 4 53 79 170 272 
253: 
254: 256 
255: 81 180 185 189 238 275 
256: 
257: 135 266 
258: 16 117 222 
259: 
260: 7 48 200 269 
261: 188 
262: 
263: 130 
264: 226 
265: 78 
266: 61 165 281 
267: 63 263 
268: 241 272 299 
269: 71 110 
270: 5 
271: 146 166 233 234 269 315 
272: 
273: 3 22 58 70 208 238 
274: 37 149 176 
275: 52 158 
276: 252 
277: 4 21 29 182 229 238 
278: 259 
279: 179 319 
280: 56 130 200 207 245 
281: 
282: 78 
283: 180 184 189 
284: 
285: 4 
286: 103 138 
287: 6 
288: 271 
289: 
290: 
291: 116 
292: 
293: 
294: 
295: 
296: 104 271 
297: 
298: 279 297 
299: 175 
300: 
301: 254 297 
302: 103 
303: 
304: 
305: 141 
306: 
307: 177 
308: 
309: 
310: 
311: 233 259 278 
312: 298 
313: 
314: 
315: 
316: 298 
317: 
318: 
319: 
320: 
321: 
322: 
323: 
