0: 1 2 3 4 5 6 8 10 11 13 20 21 26 29 
1: 0 2 3 4 5 6 7 8 9 10 11 12 13 14 15 16 17 18 19 20 21 22 23 24 25 26 27 28 29 30 31 
2: 0 1 3 4 5 6 7 8 9 10 11 12 13 14 15 16 17 18 19 20 21 22 23 24 25 26 27 28 29 30 31 
3: 0 1 2 4 5 6 7 8 9 10 11 12 13 14 15 16 17 18 19 20 21 22 23 24 25 26 27 28 29 30 31 
4: 0 1 2 3 5 6 8 12 14 15 26 29 
5: 0 1 2 3 4 6 8 13 14 15 17 19 22 23 25 26 29 
6: 0 1 2 3 4 5 7 8 9 10 11 12 13 14 15 16 17 18 19 20 21 22 23 24 25 26 27 28 29 30 31 
7: 1 2 3 6 8 9 12 13 14 15 16 17 21 23 25 26 29 30 
8: 0 1 2 3 4 5 6 7 9 10 11 12 13 14 15 16 17 18 19 20 21 22 23 24 25 26 27 28 29 30 31 
9: 1 2 3 6 7 8 10 13 14 15 16 20 21 23 26 29 30 
10: 0 1 2 3 6 8 9 11 14 15 16 20 26 29 
11: 0 1 2 3 6 8 10 16 20 22 23 25 26 29 
12: 1 2 3 4 6 7 8 14 15 16 17 18 19 20 21 25 26 29 30 31 
13: 0 1 2 3 5 6 7 8 9 16 20 21 22 25 26 29 
14: 1 2 3 4 5 6 7 8 9 10 12 15 16 18 19 20 21 22 23 24 26 29 30 31 
15: 1 2 3 4 5 6 7 8 9 10 12 14 17 21 25 26 29 
16: 1 2 3 6 7 8 9 10 11 12 13 14 17 19 20 21 22 23 24 25 26 29 30 31 
17: 1 2 3 5 6 7 8 12 15 16 21 25 26 29 30 
18: 1 2 3 6 8 12 14 19 20 21 26 27 28 29 31 
19: 1 2 3 5 6 8 12 14 16 18 20 21 23 26 27 28 29 31 
20: 0 1 2 3 6 8 9 10 11 12 13 14 16 18 19 23 25 26 27 28 
21: 0 1 2 3 6 7 8 9 12 13 14 15 16 17 18 19 22 25 26 29 30 31 
22: 1 2 3 5 6 8 11 13 14 16 21 23 26 29 31 
23: 1 2 3 5 6 7 8 9 11 14 16 19 20 22 26 29 
24: 1 2 3 6 8 14 16 26 29 31 
25: 1 2 3 5 6 7 8 11 12 13 15 16 17 20 21 26 29 
26: 0 1 2 3 4 5 6 7 8 9 10 11 12 13 14 15 16 17 18 19 20 21 22 23 24 25 27 28 29 30 
27: 1 2 3 6 8 18 19 20 26 28 
28: 1 2 3 6 8 18 19 20 26 27 
29: 0 1 2 3 4 5 6 7 8 9 10 11 12 13 14 15 16 17 18 19 20 21 22 23 24 25 26 27 28 30 31 
30: 1 2 3 6 7 8 9 12 14 16 17 21 26 29 
31: 1 2 3 6 8 12 14 16 18 19 21 22 24 26 29 
