0: 9 11 16 17 22 23 24 29 30 
1: 25 30 
2: 5 12 16 17 20 21 26 28 32 
3: 17 22 24 25 29 30 
4: 7 15 25 31 
5: 13 16 23 24 31 
6: 12 16 17 19 26 27 31 
7: 6 11 19 21 24 27 29 32 
8: 3 5 6 7 11 16 20 23 29 31 33 
9: 1 3 6 8 11 12 15 21 23 26 
10: 0 1 2 12 18 20 27 
11: 8 10 16 
12: 8 9 24 26 28 
13: 1 3 7 8 9 10 12 15 27 28 30 31 33 
14: 5 6 7 9 11 12 13 16 22 29 30 32 
15: 4 6 8 9 20 24 26 29 30 32 33 
16: 21 29 
17: 2 4 15 18 23 31 
18: 0 2 5 13 16 20 23 24 29 31 
19: 0 16 29 31 
20: 3 9 10 12 15 17 19 29 31 33 
21: 0 6 7 13 15 20 22 
22: 5 6 8 16 18 23 28 
23: 8 14 15 18 30 
24: 1 3 4 25 30 31 
25: 2 5 6 7 13 15 23 26 
26: 1 7 8 9 11 19 24 
27: 1 10 21 
28: 0 1 3 7 8 10 24 25 27 
29: 5 11 20 23 26 
30: 2 5 7 12 21 26 28 
31: 0 8 12 19 21 27 
32: 3 6 7 9 10 24 30 
33: 1 4 7 10 12 17 18 20 21 22 23 27 
