0 20
1 6
1 10
1 11
1 14
1 25
1 28
1 29
1 30
1 31
2 6
2 11
2 13
2 16
2 18
2 21
2 27
2 28
2 30
3 15
3 20
3 23
3 27
3 31
4 0
4 2
4 3
4 8
4 15
4 26
5 6
5 8
5 14
5 22
5 23
6 1
6 5
6 8
6 12
6 15
6 19
6 30
7 1
7 13
7 25
8 4
8 5
8 14
8 15
8 20
8 23
8 24
8 30
9 1
9 3
9 8
9 23
10 1
10 9
10 15
11 2
11 10
11 16
12 3
12 8
12 14
12 15
12 16
12 25
13 2
13 22
13 25
14 3
14 8
14 16
14 20
14 31
15 3
15 6
16 3
16 21
16 24
17 2
17 7
17 8
17 16
17 21
17 26
17 30
18 12
18 29
19 31
20 1
20 2
20 27
21 2
21 3
21 6
21 7
21 9
21 12
21 15
21 17
21 25
21 26
21 29
22 6
23 2
23 7
23 14
24 31
25 3
25 5
25 8
25 20
25 26
25 29
26 1
26 4
26 7
26 12
26 13
26 16
26 19
26 21
26 22
26 28
26 30
27 2
28 2
28 18
28 19
28 26
29 2
29 3
29 4
29 5
29 10
29 16
29 17
29 18
29 26
29 31
30 9
30 26
31 6
31 12
31 14
31 18
31 19
31 21
31 22
31 24
31 26
