0: 1 2 3 
1: 0 4 9 11 14 17 19 20 22 24 25 30 31 32 34 37 43 58 63 69 74 87 
2: 0 63 95 97 
3: 0 24 58 63 66 68 72 73 78 84 97 
4: 1 5 6 7 8 63 79 85 
5: 4 43 58 63 71 89 92 95 
6: 4 63 66 68 93 95 100 
7: 4 17 20 63 66 74 79 90 
8: 4 9 43 46 63 66 90 95 
9: 1 8 10 63 81 
10: 9 63 69 87 
11: 1 12 13 63 68 82 
12: 11 19 63 69 71 72 74 75 78 81 89 90 
13: 11 63 78 82 89 93 97 
14: 1 15 63 66 
15: 14 30 31 36 46 63 
16: 
17: 1 7 63 
18: 
19: 1 12 66 68 69 
20: 1 7 21 68 69 
21: 20 58 68 90 96 
22: 1 63 96 97 
23: 
24: 1 3 
25: 1 29 74 75 
26: 
27: 
28: 
29: 25 58 72 75 89 90 93 
30: 1 15 63 82 87 90 
31: 1 15 81 92 93 
32: 1 87 92 
33: 
34: 1 79 
35: 
36: 15 63 79 92 93 96 
37: 1 82 87 
38: 79 92 
39: 79 87 92 93 
40: 
41: 79 93 95 
42: 79 81 93 96 100 
43: 1 5 8 44 45 79 
44: 43 66 69 75 79 81 84 85 87 93 
45: 43 79 81 89 92 
46: 8 15 79 
47: 
48: 
49: 
50: 
51: 52 53 87 97 
52: 51 79 81 82 85 
53: 51 66 73 79 81 82 86 89 90 92 95 
54: 
55: 
56: 
57: 
58: 1 3 5 21 29 59 60 71 84 90 100 
59: 58 84 85 89 100 
60: 58 71 
61: 63 
62: 
63: 1 2 3 4 5 6 7 8 9 10 11 12 13 14 15 17 22 30 36 61 68 69 72 74 75 78 93 
64: 
65: 
66: 3 6 7 8 14 19 44 53 
67: 
68: 3 6 11 19 20 21 63 
69: 1 10 12 19 20 44 63 
70: 
71: 5 12 58 60 
72: 3 12 29 63 
73: 3 53 
74: 1 7 12 25 63 
75: 12 25 29 44 63 
76: 
77: 
78: 3 12 13 63 79 
79: 4 7 34 36 38 39 41 42 43 44 45 46 52 53 78 92 96 97 
80: 
81: 9 12 31 42 44 45 52 53 
82: 11 13 30 37 52 53 
83: 
84: 3 44 58 59 
85: 4 44 52 59 
86: 53 87 
87: 1 10 30 32 37 39 44 51 86 96 
88: 
89: 5 12 13 29 45 53 59 
90: 7 8 12 21 29 30 53 58 
91: 
92: 5 31 32 36 38 39 45 53 79 
93: 6 13 29 31 36 39 41 42 44 63 
94: 
95: 2 5 6 8 41 53 
96: 21 22 36 42 79 87 
97: 2 3 13 22 51 79 
98: 
99: 
100: 6 42 58 59 
101: 
102: 
