NAME RA AA CN KATZ Number-of-Nodes Average-Edges lcs
../test_networks/human/alquedaTerrorists.txt 0.353846 0.338462 0.353846 0.415385 25 25 0.92
 0.25 0.23913 0.25 0.293478
 0.292994 0.280255 0.292994 0.343949

../test_networks/human/baseballRoids.txt 0.896173 0.893453 0.898068 0.921718 72 270 274.919
 0.653825 0.651841 0.65521 0.672466
 0.756053 0.753759 0.757654 0.777607

../test_networks/human/crack2009.txt 0.289855 0.289855 0.318841 0.434783 51 45 0.215686
 0.116279 0.116279 0.127907 0.174419
 0.165975 0.165975 0.182573 0.248963

../test_networks/human/crudeMaterialsTrade.txt 0.84127 0.833333 0.84127 0.849206 24 62 8
 0.452991 0.448718 0.452991 0.457265
 0.588889 0.583333 0.588889 0.594444

../test_networks/human/diplomats.txt 0.869565 0.869565 0.869565 0.855072 24 64 11.8333
 0.497925 0.497925 0.497925 0.489627
 0.633245 0.633245 0.633245 0.622691

../test_networks/human/facebookFriends.txt 0.20423 0.203213 0.204451 0.250074 335 1091 24.3555
 0.338811 0.337119 0.339178 0.414796
 0.254844 0.253573 0.25512 0.31203

