0 2
1 110
2 85
2 136
2 178
3 262
5 270
6 240
13 256
16 236
20 89
20 262
21 99
22 86
22 158
22 262
24 264
25 264
26 209
37 164
43 71
43 250
43 256
44 68
45 87
45 88
45 89
46 123
50 88
51 71
52 164
58 68
59 82
60 249
65 68
66 205
67 68
68 69
68 97
68 106
68 119
68 125
68 131
68 132
68 134
68 145
68 162
68 194
68 200
68 208
68 228
68 230
68 234
69 70
69 186
71 110
71 156
71 223
71 260
71 269
74 99
74 123
76 89
78 265
79 265
82 137
85 168
86 122
86 191
86 215
87 224
87 237
87 271
88 144
88 187
88 248
89 229
93 186
93 251
97 98
97 101
99 114
99 123
99 157
99 271
99 296
100 101
100 121
101 121
101 211
101 215
103 262
103 302
106 119
108 251
110 156
110 237
110 269
112 289
114 123
114 157
115 249
115 264
116 291
119 127
121 186
121 198
121 215
122 297
122 301
123 157
123 271
123 296
125 126
131 132
132 143
134 137
135 249
136 163
137 139
140 304
144 187
145 161
154 155
154 160
154 186
155 160
156 239
156 269
157 296
158 275
158 300
160 166
161 308
162 185
163 251
168 173
169 251
172 186
173 307
175 299
177 307
178 220
179 295
180 240
186 198
186 206
186 210
186 217
186 251
187 194
187 240
189 209
191 215
192 262
193 304
194 200
194 236
194 240
198 206
198 213
200 208
202 265
206 213
208 214
210 245
211 296
215 224
215 232
220 265
221 256
221 297
221 301
221 316
224 232
226 264
227 299
228 229
229 232
230 232
234 239
236 306
237 242
237 291
241 299
243 264
247 304
248 273
250 309
251 310
254 256
254 297
254 301
254 316
256 278
256 279
257 264
260 269
264 318
268 299
269 271
271 288
271 296
271 307
271 315
272 299
276 299
278 279
279 298
279 311
279 316
279 319
284 322
290 313
297 298
297 301
297 302
297 312
297 316
298 312
298 316
300 313
311 316
311 318
311 321
312 316
314 323
318 319
318 320
319 320
