4 18
4 58
6 7
7 6
7 30
7 31
9 26
15 35
16 36
17 36
18 19
18 20
18 21
18 22
18 24
18 25
19 18
19 22
19 30
19 31
19 33
19 34
19 51
19 52
19 53
20 18
20 25
20 35
20 36
21 18
21 22
21 52
22 18
22 19
22 21
22 35
22 52
23 18
23 36
24 18
24 25
24 30
24 31
24 33
25 18
25 20
25 24
25 31
25 33
25 34
25 35
29 30
29 31
29 32
29 33
30 7
30 19
30 24
30 29
30 31
30 33
30 34
31 7
31 19
31 24
31 25
31 29
31 30
31 33
31 34
32 29
32 34
33 19
33 24
33 25
33 29
33 30
33 31
33 34
33 58
33 61
34 19
34 25
34 30
34 31
34 32
34 33
35 20
35 22
35 25
35 36
36 20
36 35
37 26
41 40
44 26
44 57
45 26
45 59
51 19
52 19
52 21
52 22
53 19
58 33
60 57
61 33
