3.72127
3.72127
3.38371
3.38371
2.83681
2.83681
1.96381
1.96381
1.93804
1.93804
1.66034
1.66034
1.63457
1.63457
1.55291
1.55291
1.52713
1.52713
1.5087
1.5087
1.49413
1.49413
1.48292
1.48292
1.44992
1.44992
1.41692
1.41692
1.39114
1.39114
1.39114
1.39114
1.39114
1.39114
1.36536
1.36536
1.36536
1.36536
1.34268
1.34268
1.17945
1.13523
1.13523
1.10223
1.10223
0.994797
0.994797
0.969018
0.969018
0.936018
0.936018
0.936018
0.936018
0.936018
0.936018
0.721348
0.721348
0.721348
0.721348
0.621335
0.621335
0.621335
0.621335
0.621335
0.621335
0.621335
0.621335
0.621335
0.621335
0.558111
0.558111
0.513898
0.513898
0.513898
0.513898
0.513898
0.513898
0.480898
0.480898
0.480898
0.45512
0
0
0
0
0
0
0
0
0
0
0
0
0
0
0
0
0
0
0
0
0
0
0
0
0
0
