0.164375
0.16375
0.154875
0.154375
0.146375
0.1395
0.139375
0.139125
0.134
0.130625
0.124
0.1165
0.116
0.10875
0.104625
0.104125
0.10325
0.09625
0.095375
0.0805
0.076375
0.0735
0.070625
0.07025
0.068125
0.064
0.063375
0.061875
0.06175
0.060875
0.060375
0.059125
0.05675
0.056625
0.054125
0.053625
0.0535
0.053
0.053
0.052875
0.05275
0.050625
0.050375
0.05025
0.05025
0.050125
0
0
0
0
0
0
0
0
0
0
0
0
0
0
0
0
0
0
0
0
0
0
0
0
0
0
0
0
0
0
0
0
0
0
0
0
0
0
0
0
0
0
0
0
0
0
0
0
0
0
0
0
0
0
0
0
0
0
0
0
0
0
0
0
0
0
0
0
0
0
0
0
0
0
0
0
0
0
0
0
0
0
0
0
0
0
0
0
0
0
0
0
0
0
0
0
0
0
0
0
0
0
0
0
0
0
0
0
0
0
0
0
0
0
0
0
0
0
0
0
0
0
0
0
0
0
0
0
0
0
0
0
0
0
0
0
0
0
0
0
0
0
0
0
0
0
0
0
0
0
0
0
0
0
0
0
0
0
0
0
0
0
0
0
0
0
0
0
0
0
0
0
0
0
0
0
0
0
0
0
0
0
0
0
