0 1
0 2
0 4
0 5
0 6
0 7
0 8
0 9
0 11
0 13
0 14
0 15
0 16
0 18
0 19
0 20
0 21
0 23
1 3
1 5
1 6
1 8
1 10
1 11
1 12
1 13
1 18
1 19
1 20
1 23
1 24
1 35
1 42
1 46
1 60
1 66
1 74
1 78
1 81
1 95
1 98
1 100
1 101
1 103
1 104
1 108
1 119
1 120
1 121
1 122
1 123
1 124
1 154
1 159
1 168
1 171
2 4
2 6
2 9
2 12
2 13
2 14
2 15
2 16
2 17
2 19
2 20
2 22
2 23
2 54
2 66
2 124
2 129
2 145
2 147
2 148
2 149
2 150
2 156
2 159
3 5
3 6
3 7
3 8
3 10
3 11
3 12
3 13
3 14
3 15
3 16
3 17
3 18
3 19
3 23
3 100
3 111
3 115
3 120
3 127
3 132
3 136
3 148
3 149
3 153
3 164
3 165
3 166
3 167
3 168
3 169
3 170
3 171
3 172
3 173
3 176
3 177
3 178
4 5
4 9
4 13
4 16
4 21
4 26
4 66
4 77
4 85
4 102
4 138
4 147
4 152
4 153
4 156
4 163
4 164
4 169
4 172
4 173
4 176
5 6
5 9
5 10
5 11
5 12
5 13
5 14
5 16
5 18
5 19
5 20
5 21
5 22
5 23
5 26
5 27
5 28
5 29
5 51
5 53
5 54
5 57
5 76
5 77
5 79
5 85
5 86
5 90
5 96
5 97
5 102
5 124
5 126
5 136
5 138
5 144
5 147
5 149
5 152
5 154
5 155
5 156
5 163
5 164
5 167
5 169
5 172
5 176
5 189
5 194
5 196
5 197
6 8
6 9
6 10
6 11
6 12
6 13
6 14
6 17
6 18
6 19
6 20
6 22
6 23
6 25
6 26
6 27
6 47
6 53
6 54
6 66
6 73
6 74
6 75
6 79
6 80
6 82
6 88
6 91
6 92
6 94
6 95
6 96
6 99
6 100
6 101
6 102
6 103
6 104
6 105
6 106
6 107
6 115
6 116
6 117
6 118
6 121
6 122
6 123
6 124
6 126
6 127
6 132
6 136
6 137
6 138
6 139
6 147
6 148
6 149
6 151
6 152
6 153
6 154
6 156
6 163
6 165
6 166
6 167
6 168
6 169
6 170
6 171
6 172
6 173
6 177
6 178
7 8
7 10
7 11
7 14
7 15
7 16
7 17
7 20
7 22
7 27
7 53
7 55
7 60
7 61
7 67
7 69
7 70
7 71
7 74
7 79
7 80
7 81
7 83
7 87
7 91
7 93
7 95
7 97
7 103
7 108
7 110
7 111
7 112
7 122
7 125
7 127
7 129
7 132
7 136
7 141
7 146
7 150
7 151
7 164
7 170
7 178
7 185
7 190
7 192
7 193
7 195
7 196
7 197
8 10
8 12
8 13
8 15
8 16
8 17
8 20
8 22
8 23
8 35
8 46
8 60
8 66
8 89
8 95
8 98
8 99
8 100
8 101
8 108
8 110
8 118
8 121
8 129
8 131
8 132
8 136
8 142
8 147
8 154
8 156
8 158
8 168
8 171
8 174
9 11
9 12
9 13
9 14
9 16
9 17
9 18
9 19
9 23
9 27
9 32
9 38
9 53
9 66
9 71
9 73
9 74
9 75
9 79
9 80
9 82
9 84
9 85
9 87
9 92
9 108
9 110
9 111
9 113
9 117
9 118
9 121
9 122
9 124
9 135
9 137
9 139
9 144
9 146
9 152
9 153
9 154
9 157
9 158
9 162
9 163
9 168
9 189
10 11
10 12
10 13
10 14
10 17
10 18
10 19
10 23
10 53
10 57
10 66
10 70
10 71
10 74
10 79
10 88
10 89
10 94
10 96
10 100
10 101
10 102
10 105
10 106
10 108
10 112
10 113
10 115
10 116
10 117
10 119
10 120
10 123
10 124
10 127
10 130
10 136
10 141
10 151
10 158
10 161
10 164
10 192
10 195
11 12
11 13
11 14
11 17
11 18
11 19
11 20
11 22
11 23
11 32
11 38
11 49
11 53
11 57
11 66
11 71
11 73
11 75
11 80
11 92
11 100
11 110
11 111
11 112
11 113
11 114
11 120
11 124
11 127
11 132
11 135
11 136
11 139
11 148
11 149
11 151
11 157
11 158
11 159
11 161
11 162
11 163
11 164
11 165
11 166
11 167
11 168
11 169
11 170
11 172
11 173
11 179
11 189
11 196
12 13
12 14
12 17
12 18
12 19
12 20
12 22
12 23
12 31
12 49
12 53
12 54
12 55
12 56
12 57
12 60
12 61
12 66
12 71
12 73
12 75
12 83
12 88
12 89
12 92
12 100
12 110
12 111
12 113
12 114
12 120
12 121
12 122
12 124
12 127
12 129
12 148
12 151
12 157
12 158
12 159
12 164
12 165
12 167
12 169
12 171
12 178
12 186
12 187
12 188
12 194
12 195
12 196
13 14
13 17
13 18
13 19
13 20
13 22
13 23
13 25
13 26
13 28
13 66
13 73
13 75
13 85
13 86
13 92
13 100
13 102
13 110
13 111
13 113
13 120
13 124
13 127
13 128
13 132
13 136
13 140
13 147
13 148
13 149
13 151
13 153
13 155
13 156
13 157
13 158
13 159
13 163
13 164
13 165
13 166
13 167
13 168
13 171
13 173
13 176
13 186
13 189
13 191
14 17
14 18
14 19
14 20
14 22
14 23
14 54
14 60
14 61
14 66
14 69
14 70
14 73
14 75
14 87
14 92
14 96
14 100
14 110
14 111
14 112
14 113
14 114
14 127
14 132
14 136
14 148
14 149
14 150
14 158
14 159
14 161
14 167
14 169
14 170
14 172
14 173
14 177
14 178
14 185
14 186
14 192
14 194
14 195
15 16
15 17
15 20
15 22
15 23
15 24
15 27
15 48
15 79
15 80
15 81
15 87
15 90
15 93
15 99
15 104
15 105
15 107
15 109
15 110
15 113
16 17
16 20
16 21
16 22
16 23
16 24
16 48
16 78
16 81
16 91
16 104
16 105
16 107
16 144
16 145
16 146
16 147
16 148
16 149
17 18
17 19
17 20
17 22
17 23
17 62
17 66
17 73
17 75
17 79
17 88
17 89
17 92
17 94
17 95
17 96
17 100
17 101
17 106
17 110
17 111
17 113
17 115
17 116
17 117
17 120
17 124
17 127
17 132
17 136
17 148
17 149
17 151
17 157
17 164
17 165
17 166
17 167
17 168
17 170
17 171
17 172
17 173
18 19
18 20
18 22
18 23
18 29
18 31
18 50
18 53
18 54
18 55
18 56
18 57
18 60
18 61
18 66
18 73
18 74
18 75
18 77
18 85
18 86
18 88
18 90
18 92
18 96
18 99
18 100
18 108
18 110
18 111
18 113
18 114
18 120
18 124
18 127
18 129
18 131
18 136
18 138
18 140
18 147
18 149
18 151
18 152
18 153
18 154
18 158
18 159
18 163
18 164
18 167
18 168
18 169
18 170
18 171
18 172
18 173
18 183
18 184
18 191
18 194
18 195
18 197
19 20
19 22
19 23
19 31
19 49
19 53
19 54
19 55
19 56
19 57
19 60
19 61
19 66
19 70
19 73
19 74
19 75
19 79
19 85
19 88
19 89
19 92
19 94
19 95
19 96
19 99
19 100
19 101
19 105
19 106
19 108
19 110
19 111
19 113
19 115
19 117
19 122
19 124
19 127
19 129
19 132
19 136
19 148
19 149
19 151
19 152
19 153
19 154
19 159
19 163
19 164
19 165
19 166
19 167
19 170
19 171
19 176
19 177
19 178
19 192
19 195
19 196
20 22
20 23
20 24
20 60
20 70
20 78
20 80
20 87
20 100
20 111
20 120
20 127
20 132
20 136
20 137
20 148
20 149
20 151
20 158
20 163
20 164
20 165
20 166
20 167
20 168
20 169
20 170
20 171
20 172
20 173
20 176
20 177
20 178
21 87
21 92
21 118
21 132
21 175
21 192
22 23
22 26
22 30
22 43
22 66
22 73
22 79
22 81
22 83
22 88
22 89
22 90
22 92
22 94
22 95
22 96
22 98
22 99
22 100
22 101
22 105
22 106
22 108
22 111
22 115
22 116
22 117
22 118
22 120
22 121
22 122
22 123
22 125
22 126
22 127
22 129
22 130
22 131
22 132
22 133
22 136
22 147
22 148
22 149
22 151
22 152
22 156
22 163
22 164
22 165
22 166
22 167
22 168
22 169
22 170
22 171
22 172
22 173
22 174
22 176
22 177
22 178
22 182
22 194
22 197
23 32
23 38
23 60
23 66
23 79
23 80
23 88
23 89
23 94
23 95
23 96
23 100
23 101
23 102
23 105
23 106
23 108
23 111
23 115
23 116
23 117
23 119
23 120
23 123
23 124
23 132
23 135
23 139
23 162
23 167
23 168
23 176
23 177
23 178
23 179
23 189
24 25
24 26
24 27
24 35
24 42
24 43
24 46
24 48
24 60
24 74
24 78
24 80
24 91
24 99
24 100
24 103
24 105
24 108
24 132
24 171
24 174
24 182
25 26
25 27
25 61
25 73
25 80
25 86
25 88
25 89
25 92
25 93
25 99
25 102
25 104
25 105
25 107
25 109
25 110
25 117
25 118
25 143
25 149
25 153
26 27
26 28
26 29
26 34
26 47
26 53
26 54
26 61
26 69
26 73
26 74
26 75
26 77
26 82
26 83
26 84
26 85
26 86
26 87
26 88
26 89
26 90
26 92
26 93
26 94
26 95
26 96
26 101
26 102
26 103
26 104
26 106
26 109
26 112
26 113
26 115
26 117
26 118
26 128
26 138
26 139
26 140
26 149
26 156
26 167
26 176
26 178
26 184
26 189
26 191
27 29
27 51
27 53
27 61
27 66
27 69
27 73
27 74
27 76
27 79
27 82
27 83
27 84
27 85
27 87
27 88
27 89
27 90
27 91
27 92
27 93
27 96
27 97
27 102
27 104
27 107
27 108
27 109
27 110
27 111
27 113
27 114
27 116
27 118
27 123
27 126
27 143
27 144
27 147
27 149
27 172
28 29
28 30
28 31
28 32
28 73
28 77
28 85
28 86
28 90
28 96
28 102
28 124
28 128
28 138
28 140
28 147
28 149
28 153
28 155
28 156
28 167
28 172
28 173
28 176
28 184
28 189
28 191
28 198
29 30
29 31
29 32
29 51
29 73
29 76
29 77
29 78
29 86
29 88
29 90
29 96
29 97
29 124
29 126
29 128
29 136
29 138
29 140
29 142
29 144
29 147
29 149
29 153
29 167
29 169
29 172
29 176
29 184
29 191
29 198
30 31
30 33
30 34
30 36
30 41
30 50
30 51
30 52
30 57
30 59
30 61
30 63
30 64
30 65
30 69
30 71
30 100
30 121
30 130
30 131
30 133
30 140
30 141
30 142
30 160
30 179
30 183
31 32
31 33
31 34
31 35
31 36
31 37
31 38
31 39
31 40
31 41
31 42
31 43
31 44
31 45
31 46
31 49
31 50
31 51
31 52
31 53
31 54
31 55
31 56
31 57
31 58
31 59
31 60
31 61
31 62
31 64
31 66
31 67
31 69
31 70
31 71
31 72
31 89
31 111
31 123
31 129
31 138
31 153
31 155
31 160
31 189
31 194
31 196
31 197
32 33
32 34
32 35
32 36
32 37
32 38
32 39
32 40
32 41
32 42
32 43
32 44
32 45
32 46
32 49
32 50
32 51
32 52
32 56
32 57
32 58
32 59
32 60
32 61
32 62
32 63
32 64
32 65
32 67
32 68
32 69
32 71
32 72
32 99
32 100
32 101
32 106
32 108
32 109
32 111
32 122
32 131
32 139
32 153
32 154
32 155
32 162
32 168
32 179
32 189
33 34
33 35
33 36
33 37
33 38
33 40
33 41
33 42
33 43
33 44
33 60
33 62
33 63
33 64
33 65
33 91
33 98
33 99
33 100
33 101
33 105
33 106
33 107
33 108
33 116
33 119
33 122
33 123
33 131
33 132
33 134
33 135
33 154
33 168
33 179
34 35
34 36
34 37
34 38
34 39
34 40
34 41
34 42
34 43
34 44
34 47
34 49
34 50
34 51
34 52
34 55
34 56
34 58
34 59
34 61
34 62
34 63
34 66
34 67
34 68
34 70
34 72
34 73
34 74
34 75
34 83
34 192
35 36
35 38
35 39
35 40
35 41
35 42
35 43
35 44
35 45
35 46
35 50
35 55
35 58
35 59
35 60
35 62
35 63
35 64
35 65
35 66
35 67
35 68
35 69
35 70
35 72
35 74
35 78
35 95
35 98
35 99
35 100
35 101
35 103
35 104
35 105
35 106
35 107
35 108
35 109
35 110
35 122
35 123
35 131
35 140
35 141
35 142
35 154
35 166
35 168
35 179
35 187
36 37
36 38
36 39
36 40
36 41
36 42
36 43
36 44
36 45
36 46
36 49
36 50
36 51
36 53
36 54
36 55
36 56
36 59
36 60
36 61
36 63
36 65
36 67
36 69
36 70
36 72
36 81
36 83
36 87
36 113
36 129
36 150
36 155
36 158
36 161
36 174
36 178
36 192
36 194
36 195
36 196
36 197
37 38
37 39
37 40
37 41
37 43
37 44
37 50
37 51
37 55
37 59
37 60
37 61
37 62
37 63
37 65
37 66
37 67
37 69
37 133
37 138
37 153
37 155
37 180
37 184
38 39
38 40
38 41
38 42
38 43
38 44
38 46
38 50
38 55
38 59
38 63
38 65
38 67
38 69
38 70
38 72
38 80
38 91
38 105
38 116
38 119
38 134
38 135
38 139
38 162
38 179
38 189
39 40
39 41
39 42
39 43
39 44
39 45
39 46
39 50
39 51
39 59
39 65
39 67
39 80
39 116
39 149
39 153
39 181
40 41
40 43
40 44
40 50
40 51
40 58
40 59
40 60
40 61
40 62
40 63
40 64
40 65
40 66
40 69
40 70
40 91
40 98
40 99
40 100
40 101
40 105
40 106
40 107
40 108
40 109
40 116
40 119
40 122
40 123
40 132
40 154
40 168
40 179
40 195
41 42
41 43
41 44
41 45
41 46
41 49
41 50
41 51
41 52
41 55
41 56
41 57
41 58
41 59
41 60
41 61
41 62
41 64
41 65
41 66
41 67
41 68
41 69
41 72
41 77
41 86
41 88
41 96
41 97
41 124
41 136
41 138
41 153
41 155
42 43
42 44
42 45
42 46
42 50
42 55
42 59
42 65
42 67
42 69
42 70
42 72
42 81
42 104
42 106
42 123
42 136
42 159
42 180
42 182
42 183
43 44
43 45
43 46
43 51
43 59
43 60
43 61
43 62
43 65
43 67
43 69
43 78
43 81
43 82
43 83
43 98
43 99
43 100
43 101
43 105
43 108
43 118
43 121
43 122
43 131
43 132
43 136
43 143
43 158
43 162
43 164
43 170
43 174
43 178
43 182
43 194
43 197
44 45
44 46
44 50
44 58
44 59
44 60
44 61
44 62
44 63
44 64
44 65
44 66
44 67
44 68
44 69
44 71
44 72
44 91
44 98
44 99
44 100
44 101
44 105
44 106
44 107
44 108
44 109
44 110
44 132
44 154
44 155
44 166
44 168
44 171
44 179
45 46
45 50
45 51
45 59
45 60
45 61
45 63
45 65
45 67
45 69
45 77
45 86
45 88
45 96
45 97
45 116
45 136
45 155
45 160
46 50
46 55
46 59
46 60
46 65
46 67
46 69
46 70
46 72
46 81
46 95
46 98
46 99
46 100
46 101
46 104
46 106
46 123
46 125
46 126
46 127
46 128
46 129
46 131
46 132
46 134
46 135
46 136
46 154
46 159
46 168
46 171
46 183
47 53
47 54
47 66
47 73
47 74
47 75
47 79
47 83
47 84
47 85
47 86
47 89
47 103
47 104
47 114
47 116
47 118
47 137
47 139
47 155
47 156
47 167
47 180
48 81
48 91
48 104
48 105
48 107
49 51
49 52
49 53
49 54
49 57
49 60
49 61
49 64
49 65
49 67
49 68
49 69
49 70
49 71
49 79
49 83
49 90
49 112
49 113
49 114
49 118
49 121
49 125
49 127
49 130
49 136
49 142
49 143
49 149
49 150
49 158
49 161
49 162
49 174
49 185
49 192
49 195
49 196
50 51
50 53
50 55
50 56
50 59
50 60
50 61
50 63
50 64
50 65
50 66
50 67
50 68
50 69
50 70
50 72
50 81
50 88
50 106
50 110
50 111
50 114
50 123
50 131
50 132
50 139
50 155
50 158
50 160
50 166
50 168
50 179
50 183
50 196
51 52
51 55
51 57
51 59
51 60
51 61
51 62
51 63
51 64
51 65
51 66
51 67
51 68
51 69
51 72
51 75
51 76
51 79
51 96
51 126
51 128
51 136
51 138
51 144
51 147
51 149
51 153
51 155
51 160
51 167
51 172
51 174
51 181
52 53
52 56
52 57
52 58
52 60
52 61
52 64
52 65
52 66
52 68
52 69
52 83
52 88
52 124
52 182
52 183
52 196
53 54
53 55
53 56
53 57
53 60
53 61
53 67
53 69
53 71
53 73
53 74
53 75
53 79
53 80
53 81
53 82
53 83
53 84
53 85
53 86
53 87
53 88
53 90
53 92
53 96
53 97
53 98
53 99
53 103
53 108
53 109
53 110
53 111
53 112
53 113
53 114
53 118
53 129
53 131
53 132
53 137
53 138
53 139
53 149
53 150
53 152
53 153
53 154
53 158
53 161
53 164
53 170
53 178
53 183
53 190
53 194
53 195
53 196
53 197
54 55
54 56
54 57
54 60
54 61
54 66
54 67
54 69
54 70
54 73
54 74
54 75
54 79
54 80
54 81
54 83
54 84
54 85
54 86
54 87
54 89
54 90
54 92
54 93
54 94
54 96
54 97
54 98
54 99
54 103
54 104
54 108
54 109
54 110
54 111
54 114
54 116
54 118
54 119
54 122
54 123
54 125
54 129
54 130
54 137
54 138
54 139
54 146
54 149
54 150
54 158
54 161
54 164
54 168
54 170
54 174
54 177
54 178
54 186
54 190
54 192
54 193
54 194
54 195
54 196
54 197
55 56
55 57
55 59
55 60
55 61
55 65
55 66
55 67
55 69
55 70
55 72
55 81
55 83
55 88
55 89
55 120
55 124
55 129
55 137
55 138
55 150
55 153
55 155
55 158
55 164
55 170
55 178
55 188
55 194
55 195
55 196
55 197
56 57
56 58
56 59
56 60
56 61
56 64
56 65
56 66
56 67
56 68
56 69
56 71
56 81
56 83
56 88
56 111
56 114
56 124
56 129
56 131
56 132
56 150
56 158
56 160
56 164
56 170
56 178
56 183
56 194
56 195
56 196
56 197
57 58
57 60
57 61
57 64
57 65
57 66
57 68
57 69
57 70
57 71
57 83
57 89
57 111
57 112
57 113
57 114
57 121
57 124
57 129
57 130
57 136
57 142
57 158
57 161
57 164
57 185
57 192
57 194
57 195
57 196
57 197
58 59
58 60
58 61
58 62
58 63
58 64
58 65
58 66
58 68
58 69
58 71
58 83
58 98
58 99
58 100
58 101
58 105
58 106
58 107
58 108
58 109
58 110
58 121
58 122
58 123
58 124
58 131
58 132
58 135
58 154
58 162
58 168
58 179
58 187
58 188
59 60
59 61
59 62
59 63
59 65
59 66
59 67
59 69
59 70
59 71
59 72
59 82
59 88
59 89
59 99
59 100
59 118
59 121
59 122
59 136
59 138
59 143
59 153
59 155
59 158
59 160
59 162
59 174
59 184
59 185
60 61
60 62
60 63
60 64
60 65
60 66
60 67
60 68
60 69
60 70
60 72
60 78
60 80
60 81
60 83
60 88
60 89
60 91
60 92
60 93
60 94
60 95
60 98
60 99
60 100
60 101
60 105
60 106
60 107
60 108
60 109
60 110
60 111
60 112
60 114
60 118
60 121
60 122
60 123
60 125
60 127
60 129
60 130
60 131
60 132
60 135
60 136
60 138
60 141
60 142
60 146
60 150
60 151
60 153
60 154
60 155
60 158
60 160
60 161
60 164
60 166
60 168
60 171
60 174
60 179
60 180
60 183
60 187
60 190
60 192
60 193
60 194
60 195
60 196
60 197
61 62
61 63
61 64
61 65
61 66
61 67
61 68
61 69
61 70
61 71
61 72
61 73
61 88
61 89
61 93
61 101
61 104
61 106
61 108
61 109
61 110
61 111
61 112
61 114
61 116
61 123
61 127
61 129
61 130
61 138
61 141
61 143
61 151
61 153
61 155
61 158
61 160
61 177
61 184
61 185
61 192
61 194
61 195
61 196
61 197
62 63
62 64
62 65
62 66
62 69
62 98
62 99
62 100
62 101
62 105
62 106
62 107
62 108
62 109
62 110
62 122
62 123
62 131
62 132
62 135
62 153
62 154
62 168
62 179
62 184
62 185
63 64
63 65
63 66
63 67
63 91
63 98
63 99
63 100
63 101
63 105
63 106
63 107
63 108
63 109
63 110
63 122
63 123
63 131
63 132
63 135
63 154
63 155
63 160
63 168
63 179
64 65
64 66
64 68
64 69
64 98
64 99
64 100
64 101
64 105
64 106
64 107
64 108
64 109
64 110
64 122
64 123
64 124
64 131
64 132
64 135
64 139
64 154
64 168
64 170
64 179
65 66
65 67
65 68
65 69
65 70
65 72
65 98
65 99
65 100
65 101
65 105
65 106
65 107
65 108
65 109
65 110
65 116
65 122
65 123
65 131
65 132
65 135
65 136
65 138
65 139
65 153
65 154
65 155
65 168
65 170
65 179
66 67
66 68
66 69
66 71
66 72
66 73
66 74
66 75
66 79
66 83
66 87
66 88
66 89
66 92
66 94
66 95
66 98
66 99
66 100
66 101
66 102
66 103
66 104
66 105
66 106
66 107
66 108
66 109
66 110
66 111
66 112
66 113
66 114
66 115
66 116
66 117
66 119
66 120
66 121
66 122
66 123
66 124
66 131
66 132
66 133
66 135
66 136
66 138
66 139
66 148
66 150
66 153
66 154
66 155
66 156
66 157
66 158
66 159
66 168
66 170
66 171
66 172
66 179
66 182
66 184
66 185
66 186
66 187
66 188
66 191
66 192
66 193
67 69
67 70
67 72
67 81
67 83
67 84
67 87
67 103
67 127
67 134
67 135
67 136
67 138
67 149
67 150
67 153
67 155
67 158
67 159
67 160
67 164
67 170
67 174
67 178
67 192
67 194
67 195
67 196
68 69
68 99
68 101
68 124
68 132
68 135
68 154
68 160
68 166
68 168
68 171
68 183
68 187
69 70
69 71
69 72
69 73
69 83
69 86
69 87
69 88
69 90
69 92
69 93
69 94
69 95
69 96
69 99
69 108
69 109
69 110
69 111
69 112
69 113
69 114
69 118
69 119
69 121
69 122
69 123
69 124
69 125
69 127
69 130
69 132
69 136
69 138
69 140
69 141
69 142
69 143
69 146
69 150
69 151
69 153
69 155
69 158
69 161
69 164
69 168
69 171
69 174
69 175
69 177
69 182
69 183
69 186
69 190
69 192
69 193
69 194
69 195
69 196
70 72
70 73
70 83
70 86
70 87
70 88
70 93
70 94
70 95
70 96
70 99
70 108
70 110
70 111
70 112
70 113
70 114
70 118
70 121
70 122
70 125
70 127
70 130
70 132
70 136
70 141
70 142
70 143
70 146
70 150
70 151
70 158
70 161
70 164
70 167
70 168
70 170
70 171
70 174
70 175
70 177
70 178
70 179
70 180
70 181
70 183
70 185
70 186
70 189
70 190
70 192
70 193
70 194
70 195
71 72
71 74
71 83
71 103
71 111
71 112
71 113
71 114
71 116
71 117
71 118
71 121
71 122
71 137
71 141
71 150
71 153
71 158
71 161
71 164
71 168
71 195
71 196
72 74
72 103
72 138
72 150
72 153
72 155
72 161
72 164
73 74
73 75
73 77
73 79
73 82
73 83
73 84
73 85
73 86
73 87
73 88
73 89
73 90
73 92
73 93
73 96
73 99
73 103
73 104
73 108
73 109
73 110
73 111
73 113
73 116
73 118
73 121
73 124
73 128
73 136
73 137
73 138
73 139
73 140
73 143
73 147
73 148
73 149
73 154
73 155
73 156
73 157
73 158
73 159
73 167
73 172
73 174
73 184
73 189
73 191
73 192
73 193
74 75
74 78
74 79
74 80
74 81
74 82
74 83
74 84
74 85
74 86
74 87
74 90
74 92
74 96
74 97
74 98
74 99
74 103
74 104
74 108
74 109
74 110
74 111
74 112
74 113
74 114
74 118
74 119
74 122
74 123
74 137
74 138
74 139
74 150
74 152
74 153
74 154
74 161
74 164
74 168
74 171
74 190
75 76
75 79
75 82
75 84
75 85
75 86
75 92
75 96
75 103
75 110
75 111
75 113
75 118
75 124
75 126
75 128
75 136
75 137
75 138
75 139
75 144
75 147
75 148
75 149
75 157
75 158
75 159
75 163
75 167
75 172
75 174
75 198
76 77
76 78
76 79
76 96
76 126
76 128
76 136
76 144
76 147
76 149
76 153
76 172
76 174
77 78
77 85
77 86
77 88
77 90
77 96
77 97
77 102
77 124
77 128
77 136
77 138
77 140
77 147
77 149
77 167
77 169
77 172
77 173
77 184
77 191
78 80
78 91
78 95
78 99
78 100
78 103
78 104
78 108
78 136
78 137
78 154
78 158
78 168
78 171
78 174
78 179
78 181
78 182
78 188
79 80
79 81
79 82
79 83
79 84
79 85
79 86
79 87
79 88
79 89
79 90
79 91
79 92
79 93
79 94
79 95
79 96
79 97
79 98
79 99
79 100
79 101
79 102
79 103
79 104
79 105
79 106
79 107
79 108
79 109
79 110
79 111
79 112
79 113
79 114
79 115
79 116
79 117
79 118
79 126
79 128
79 136
79 142
79 143
79 144
79 147
79 149
79 163
79 167
79 172
79 174
80 81
80 83
80 86
80 88
80 89
80 90
80 91
80 93
80 95
80 97
80 98
80 99
80 102
80 104
80 105
80 107
80 108
80 109
80 110
80 116
80 118
80 135
80 139
80 162
80 168
80 179
80 181
80 189
81 83
81 90
81 97
81 98
81 99
81 100
81 101
81 104
81 105
81 106
81 108
81 109
81 110
81 123
81 125
81 126
81 127
81 128
81 129
81 131
81 132
81 134
81 135
81 136
81 150
81 158
81 164
81 170
81 174
81 178
81 182
81 183
81 194
81 195
81 196
81 197
82 83
82 84
82 85
82 87
82 89
82 91
82 92
82 93
82 99
82 103
82 108
82 109
82 110
82 111
82 113
82 116
82 118
82 121
82 122
82 124
82 136
82 143
83 84
83 87
83 88
83 89
83 90
83 92
83 97
83 98
83 99
83 100
83 101
83 102
83 103
83 104
83 105
83 108
83 109
83 110
83 111
83 113
83 114
83 116
83 118
83 121
83 122
83 123
83 124
83 127
83 131
83 132
83 134
83 135
83 136
83 137
83 141
83 142
83 149
83 150
83 158
83 159
83 164
83 168
83 170
83 174
83 178
83 182
83 185
83 188
83 190
83 192
83 194
83 195
83 196
83 197
84 85
84 86
84 87
84 92
84 103
84 108
84 110
84 111
84 113
84 118
84 129
84 134
84 135
84 136
84 137
84 138
84 139
84 158
84 159
84 170
84 175
84 183
84 194
84 195
85 86
85 87
85 92
85 96
85 99
85 102
85 103
85 108
85 110
85 111
85 113
85 118
85 128
85 137
85 138
85 139
85 140
85 147
85 149
85 152
85 153
85 154
85 155
85 156
85 167
85 169
85 189
85 191
86 88
86 89
86 90
86 96
86 97
86 99
86 102
86 103
86 104
86 105
86 107
86 108
86 112
86 116
86 118
86 124
86 127
86 128
86 136
86 137
86 138
86 139
86 140
86 147
86 149
86 153
86 155
86 156
86 163
86 164
86 167
86 169
86 172
86 173
86 176
86 184
86 189
86 191
86 198
87 89
87 92
87 93
87 96
87 102
87 103
87 108
87 110
87 111
87 112
87 113
87 114
87 116
87 118
87 124
87 130
87 132
87 150
87 158
87 161
87 164
87 175
87 186
87 192
87 194
87 195
88 89
88 90
88 93
88 94
88 95
88 96
88 97
88 99
88 100
88 101
88 102
88 104
88 105
88 106
88 107
88 108
88 109
88 110
88 112
88 114
88 115
88 116
88 117
88 118
88 120
88 121
88 122
88 123
88 124
88 128
88 131
88 132
88 136
88 140
88 143
88 147
88 149
88 153
88 154
88 158
88 167
88 172
88 173
88 174
88 183
88 184
88 188
88 191
88 193
88 196
89 92
89 93
89 94
89 95
89 96
89 97
89 99
89 100
89 101
89 102
89 104
89 105
89 106
89 107
89 108
89 109
89 110
89 111
89 112
89 113
89 114
89 115
89 116
89 117
89 118
89 120
89 121
89 122
89 123
89 124
89 127
89 132
89 136
89 141
89 142
89 143
89 149
89 153
89 154
89 156
89 158
89 162
89 171
89 174
89 188
89 193
89 196
90 91
90 92
90 96
90 97
90 98
90 99
90 100
90 108
90 109
90 110
90 118
90 121
90 122
90 124
90 125
90 128
90 130
90 131
90 133
90 136
90 137
90 138
90 140
90 147
90 149
90 153
90 167
90 169
90 172
90 173
90 176
90 184
90 191
90 198
91 95
91 104
91 105
91 107
91 109
91 110
91 116
91 119
91 134
91 135
91 139
91 168
91 179
92 93
92 96
92 99
92 102
92 105
92 108
92 110
92 111
92 113
92 114
92 116
92 118
92 119
92 121
92 122
92 123
92 124
92 132
92 133
92 137
92 148
92 153
92 157
92 158
92 159
92 162
92 163
92 173
92 175
92 190
92 192
93 94
93 95
93 97
93 99
93 104
93 108
93 109
93 110
93 111
93 114
93 116
93 118
93 121
93 122
93 125
93 127
93 130
93 132
93 136
93 143
93 146
93 156
93 168
93 171
93 175
93 177
93 183
93 190
93 192
93 193
94 95
94 96
94 99
94 100
94 101
94 102
94 104
94 106
94 108
94 111
94 112
94 114
94 115
94 116
94 117
94 118
94 121
94 122
94 125
94 130
94 132
94 136
94 146
94 154
94 168
94 171
94 175
94 177
94 183
94 190
94 192
94 193
95 96
95 98
95 99
95 100
95 101
95 104
95 106
95 108
95 110
95 111
95 112
95 115
95 116
95 117
95 121
95 122
95 125
95 127
95 131
95 132
95 135
95 136
95 141
95 142
95 146
95 154
95 158
95 168
95 171
95 174
95 179
95 190
95 192
95 193
96 97
96 100
96 101
96 106
96 111
96 115
96 116
96 117
96 118
96 121
96 122
96 124
96 125
96 126
96 127
96 128
96 130
96 131
96 133
96 136
96 138
96 139
96 140
96 142
96 144
96 147
96 149
96 150
96 152
96 153
96 158
96 161
96 163
96 164
96 167
96 169
96 172
96 173
96 176
96 184
96 186
96 191
96 192
96 194
96 198
97 98
97 99
97 102
97 104
97 105
97 107
97 108
97 109
97 110
97 116
97 118
97 124
97 128
97 136
97 138
97 147
97 149
97 167
97 169
97 172
98 99
98 100
98 101
98 105
98 106
98 107
98 108
98 109
98 110
98 122
98 123
98 131
98 132
98 135
98 136
98 154
98 164
98 168
98 170
98 171
98 174
98 178
98 179
98 182
98 194
98 197
99 100
99 101
99 102
99 104
99 105
99 106
99 107
99 108
99 109
99 110
99 115
99 116
99 117
99 118
99 121
99 122
99 123
99 131
99 132
99 135
99 136
99 137
99 138
99 143
99 152
99 153
99 154
99 164
99 166
99 168
99 170
99 171
99 174
99 178
99 179
99 182
99 187
99 194
99 197
100 101
100 105
100 106
100 107
100 108
100 109
100 110
100 115
100 116
100 117
100 120
100 121
100 122
100 123
100 125
100 127
100 130
100 131
100 132
100 133
100 135
100 136
100 148
100 149
100 151
100 154
100 158
100 163
100 164
100 165
100 166
100 167
100 168
100 169
100 170
100 171
100 172
100 173
100 174
100 178
100 179
100 182
100 186
100 187
100 188
100 194
100 197
101 104
101 105
101 106
101 107
101 108
101 109
101 110
101 112
101 115
101 116
101 117
101 121
101 122
101 123
101 131
101 132
101 135
101 136
101 154
101 164
101 166
101 168
101 170
101 171
101 174
101 178
101 179
101 182
101 187
101 193
101 194
101 197
102 104
102 105
102 107
102 108
102 110
102 113
102 114
102 116
102 118
102 119
102 123
102 124
102 128
102 138
102 140
102 147
102 156
102 167
102 169
102 172
102 173
102 176
102 189
103 104
103 108
103 111
103 112
103 114
103 118
103 121
103 137
103 138
103 139
103 150
103 154
103 161
103 164
103 168
103 171
103 178
103 192
103 193
104 105
104 106
104 107
104 108
104 109
104 110
104 112
104 114
104 115
104 116
104 117
104 118
104 143
104 154
104 159
104 168
104 171
105 106
105 107
105 108
105 109
105 110
105 116
105 118
105 119
105 122
105 123
105 124
105 131
105 132
105 135
105 136
105 154
105 164
105 168
105 170
105 174
105 178
105 179
105 182
105 194
105 197
106 107
106 108
106 109
106 110
106 111
106 112
106 115
106 116
106 117
106 121
106 122
106 123
106 131
106 132
106 135
106 154
106 168
106 179
106 183
106 187
106 188
106 193
107 108
107 109
107 110
107 112
107 114
107 115
107 116
107 117
107 118
107 122
107 123
107 131
107 132
107 135
107 154
107 162
107 168
107 179
107 187
107 188
108 109
108 110
108 111
108 113
108 116
108 118
108 119
108 122
108 123
108 124
108 125
108 131
108 132
108 133
108 135
108 136
108 138
108 143
108 146
108 152
108 153
108 154
108 156
108 158
108 164
108 168
108 170
108 171
108 174
108 178
108 179
108 182
108 186
108 190
108 191
108 192
108 193
108 194
108 197
109 110
109 116
109 122
109 123
109 131
109 132
109 135
109 143
109 154
109 168
109 170
109 177
109 179
110 111
110 113
110 116
110 118
110 122
110 123
110 124
110 131
110 132
110 135
110 136
110 139
110 143
110 148
110 154
110 157
110 158
110 159
110 168
110 170
110 171
110 174
110 179
110 182
111 113
111 116
111 117
111 118
111 120
111 121
111 122
111 123
111 124
111 125
111 132
111 137
111 139
111 146
111 148
111 153
111 154
111 157
111 158
111 159
111 168
111 170
111 171
111 172
111 173
111 190
111 192
111 193
111 194
111 195
111 196
112 113
112 114
112 115
112 116
112 117
112 121
112 122
112 127
112 130
112 141
112 150
112 151
112 154
112 158
112 161
112 164
112 173
112 192
112 193
112 195
112 196
113 114
113 116
113 118
113 124
113 148
113 157
113 158
113 159
113 161
113 164
113 196
114 116
114 123
114 125
114 127
114 130
114 131
114 132
114 136
114 141
114 142
114 146
114 151
114 158
114 161
114 164
114 183
114 190
114 192
114 193
114 195
114 196
114 197
115 116
115 117
115 121
115 122
115 148
115 152
115 153
115 154
115 157
115 167
115 172
115 193
116 117
116 118
116 119
116 121
116 122
116 124
116 134
116 135
116 137
116 143
116 153
116 154
116 162
116 168
116 179
116 181
116 193
117 118
117 121
117 122
117 123
117 137
117 153
117 154
117 168
117 179
117 183
117 193
118 121
118 122
118 125
118 129
118 132
118 136
118 137
118 138
118 139
118 142
118 143
118 146
118 153
118 168
118 170
118 174
118 175
118 177
118 183
118 190
118 192
118 193
118 194
119 120
119 121
119 122
119 123
119 124
119 134
119 135
119 179
120 124
120 127
120 132
120 134
120 136
120 148
120 149
120 151
120 152
120 153
120 159
120 163
120 164
120 165
120 166
120 167
120 168
120 169
120 170
120 171
120 172
120 173
120 188
121 122
121 123
121 124
121 125
121 130
121 131
121 132
121 133
121 136
121 137
121 142
121 143
121 146
121 153
121 154
121 158
121 168
121 174
121 175
121 177
121 183
121 186
121 187
121 188
121 190
121 192
121 193
121 196
122 123
122 124
122 125
122 130
122 131
122 132
122 133
122 135
122 136
122 137
122 143
122 146
122 153
122 154
122 158
122 168
122 171
122 179
122 186
122 187
122 188
122 190
122 192
122 193
123 124
123 131
123 132
123 135
123 154
123 162
123 168
123 179
123 183
123 187
123 188
124 128
124 138
124 140
124 148
124 153
124 157
124 158
124 159
124 176
124 184
124 186
124 188
124 198
125 126
125 127
125 128
125 129
125 130
125 131
125 132
125 133
125 134
125 135
125 136
125 142
125 146
125 151
125 168
125 171
125 175
125 177
125 183
125 190
125 192
125 193
126 127
126 128
126 129
126 132
126 134
126 135
126 136
126 144
126 147
126 149
126 153
126 167
126 172
126 174
127 128
127 129
127 130
127 132
127 134
127 135
127 136
127 139
127 141
127 142
127 147
127 148
127 149
127 150
127 151
127 158
127 163
127 164
127 165
127 166
127 167
127 168
127 169
127 170
127 171
127 172
127 173
127 174
127 178
127 185
127 192
127 195
128 129
128 130
128 132
128 134
128 135
128 136
128 138
128 140
128 144
128 147
128 148
128 149
128 153
128 155
128 156
128 165
128 166
128 167
128 169
128 172
128 173
128 174
128 175
128 176
128 184
128 189
128 191
128 192
129 132
129 134
129 135
129 136
129 147
129 156
129 170
129 175
129 182
129 183
129 194
129 195
129 196
129 197
130 131
130 132
130 133
130 136
130 141
130 146
130 147
130 150
130 151
130 158
130 161
130 164
130 165
130 166
130 174
130 175
130 177
130 182
130 183
130 185
130 186
130 190
130 192
130 193
130 194
130 195
131 132
131 133
131 135
131 136
131 139
131 140
131 154
131 158
131 164
131 168
131 170
131 171
131 174
131 178
131 179
131 182
131 183
131 194
131 196
131 197
132 134
132 135
132 136
132 141
132 142
132 146
132 147
132 148
132 149
132 151
132 154
132 158
132 163
132 164
132 165
132 166
132 167
132 168
132 169
132 170
132 171
132 172
132 173
132 174
132 175
132 176
132 177
132 178
132 179
132 182
132 183
132 187
132 190
132 192
132 193
132 194
132 196
132 197
133 155
133 156
133 167
133 180
133 191
134 135
134 136
134 147
134 152
134 159
134 167
134 170
134 171
134 172
134 179
134 195
135 136
135 139
135 149
135 154
135 158
135 159
135 162
135 164
135 166
135 168
135 171
135 178
135 179
135 186
135 187
135 189
135 191
135 195
136 137
136 138
136 140
136 141
136 142
136 143
136 144
136 146
136 147
136 148
136 149
136 150
136 151
136 152
136 154
136 158
136 161
136 162
136 163
136 164
136 165
136 166
136 167
136 168
136 169
136 170
136 171
136 172
136 173
136 174
136 175
136 177
136 178
136 182
136 183
136 184
136 185
136 188
136 190
136 191
136 192
136 193
136 194
136 196
136 197
137 138
137 139
137 153
137 158
137 168
137 188
138 139
138 145
138 147
138 149
138 152
138 153
138 154
138 155
138 167
138 169
138 172
138 173
138 178
139 162
139 163
139 164
139 179
139 189
140 141
140 142
140 147
140 149
140 153
140 155
140 156
140 167
140 169
140 172
140 173
140 176
140 184
140 189
140 191
140 198
141 142
141 151
141 158
141 171
141 174
141 192
141 195
142 143
142 149
142 150
142 158
142 161
142 164
142 168
142 171
142 174
142 185
142 193
142 196
143 174
144 145
144 146
144 147
144 148
144 149
144 153
144 172
144 174
144 198
145 146
145 147
145 148
145 149
145 167
146 147
146 148
146 149
146 151
146 168
146 171
146 175
146 177
146 183
146 190
146 192
146 193
147 148
147 149
147 153
147 156
147 165
147 166
147 167
147 169
147 172
147 173
147 174
147 175
147 176
147 184
147 189
147 191
148 149
148 151
148 153
148 157
148 158
148 159
148 163
148 164
148 165
148 166
148 167
148 168
148 169
148 170
148 171
148 172
148 173
149 150
149 151
149 153
149 155
149 156
149 160
149 163
149 164
149 165
149 166
149 167
149 168
149 169
149 170
149 171
149 172
149 173
149 174
149 176
149 178
149 181
149 184
149 189
149 191
149 194
149 195
150 151
150 158
150 161
150 164
150 170
150 178
150 185
150 186
150 192
150 194
150 195
150 196
151 158
151 163
151 164
151 165
151 166
151 167
151 168
151 169
151 170
151 171
151 172
151 173
151 177
151 185
151 190
151 192
151 193
151 195
152 153
152 154
152 157
152 163
152 164
152 167
152 170
152 171
152 172
152 176
152 177
153 154
153 155
153 163
153 167
153 168
153 172
153 181
153 184
153 185
153 188
153 190
153 198
154 159
154 163
154 164
154 166
154 168
154 170
154 171
154 176
154 177
154 179
154 187
154 192
154 193
155 156
155 160
155 167
155 178
155 180
155 189
155 191
156 167
156 169
156 172
156 173
156 176
156 189
156 191
157 158
157 159
157 180
158 159
158 161
158 164
158 168
158 170
158 171
158 174
158 178
158 183
158 186
158 187
158 188
158 192
158 194
158 195
158 196
159 172
159 195
161 162
161 164
161 186
161 192
161 194
161 196
162 179
162 187
162 188
162 189
163 164
163 165
163 166
163 167
163 168
163 169
163 170
163 171
163 172
163 173
163 178
163 191
164 165
164 166
164 167
164 168
164 169
164 170
164 171
164 172
164 173
164 174
164 178
164 182
164 186
164 191
164 192
164 194
164 195
164 196
164 197
165 166
165 167
165 168
165 169
165 170
165 171
165 172
165 173
165 174
165 175
165 185
166 167
166 168
166 169
166 170
166 171
166 172
166 173
166 174
166 175
166 183
166 187
167 168
167 169
167 170
167 171
167 172
167 173
167 176
167 177
167 178
167 184
167 189
167 191
167 198
168 169
168 170
168 171
168 172
168 173
168 178
168 179
168 187
168 190
168 191
168 192
168 193
168 194
168 195
169 170
169 171
169 172
169 173
169 176
169 189
170 171
170 172
170 173
170 174
170 175
170 178
170 182
170 183
170 192
170 194
170 195
170 196
170 197
171 172
171 173
171 174
171 187
171 190
171 192
171 193
172 173
172 176
172 184
172 189
172 191
173 176
173 184
173 189
173 191
174 175
174 178
174 182
174 192
174 194
174 197
175 177
175 183
175 190
175 192
175 193
175 194
176 177
176 178
176 184
176 189
176 192
176 198
177 178
177 183
177 190
177 192
177 193
178 182
178 191
178 192
178 194
178 195
178 196
178 197
179 180
179 181
179 183
179 189
180 181
181 189
182 183
182 194
182 197
183 190
183 192
183 193
183 194
183 196
184 185
184 191
184 198
185 192
186 187
186 188
186 192
186 194
187 188
189 191
190 192
190 193
192 193
192 194
192 195
194 195
194 196
194 197
195 196
195 197
196 197
