0 1
0 2
0 3
1 4
1 20
1 24
1 25
1 31
1 32
1 37
1 87
2 49
2 63
2 94
3 24
3 58
3 65
3 70
3 84
3 88
3 98
4 85
6 100
6 102
7 20
8 88
10 87
10 88
11 65
13 65
14 16
15 31
15 70
16 20
16 64
16 75
16 82
16 97
17 18
18 67
18 98
18 99
19 65
20 21
20 68
20 69
21 56
21 58
23 94
24 76
25 26
25 27
25 28
25 29
25 74
25 75
26 31
26 39
26 72
26 73
27 38
27 42
27 77
28 39
29 58
29 70
30 87
30 88
31 81
31 92
31 93
31 101
32 33
32 87
32 92
33 39
33 73
33 81
33 87
33 92
33 94
33 95
33 96
33 97
34 35
35 73
35 87
35 93
35 94
36 98
37 82
37 83
37 87
38 79
39 40
39 79
39 87
39 92
40 41
40 70
40 73
40 76
40 87
41 79
42 77
42 100
43 88
44 84
44 85
44 87
45 56
45 88
47 48
47 85
47 89
47 91
48 73
48 87
49 50
49 89
50 57
50 71
50 78
50 81
50 92
50 100
51 87
51 98
51 101
52 57
52 85
54 55
54 80
54 84
54 99
55 75
55 82
55 85
55 93
55 94
56 74
56 81
57 80
57 100
58 59
58 60
58 84
58 100
59 70
59 84
59 85
59 89
59 91
59 100
60 71
60 77
60 102
61 102
62 65
62 94
64 88
75 76
76 86
76 95
76 96
78 79
82 83
83 85
83 90
86 87
87 96
87 98
