0 3
0 8
0 21
1 2
1 3
1 5
1 8
1 12
1 13
1 15
1 17
1 18
1 19
1 21
1 22
1 23
1 24
2 5
2 6
2 7
2 8
2 12
2 14
2 15
2 22
2 26
2 31
3 5
3 6
3 8
3 10
3 19
3 24
4 5
4 6
4 12
4 14
5 14
5 15
5 17
5 22
5 23
5 26
6 7
6 8
6 9
6 10
6 12
6 14
6 17
6 18
6 20
6 25
6 26
6 29
7 9
7 12
7 13
8 10
8 21
8 23
8 26
8 29
8 31
9 14
9 15
9 16
9 20
9 26
9 29
10 20
10 26
11 20
11 23
11 26
11 29
12 14
12 15
12 16
12 17
12 25
12 29
13 20
13 21
13 29
14 15
14 16
14 19
14 21
14 24
14 26
14 29
15 25
15 29
16 21
16 25
16 31
17 25
17 26
17 30
18 21
18 26
19 29
20 23
20 26
20 27
20 28
21 22
21 25
21 29
21 30
23 26
23 29
24 29
25 29
27 28
29 30
29 31
