0 1
3 10
3 12
3 17
3 18
3 19
3 129
3 134
3 162
3 218
3 222
3 232
3 238
4 19
4 31
4 285
5 13
5 17
5 21
5 27
5 46
5 113
5 185
5 229
6 26
6 49
6 116
6 180
7 12
7 14
7 22
7 153
7 157
7 185
7 218
7 222
7 232
8 10
8 117
8 153
8 192
8 218
8 277
9 20
9 49
9 117
9 232
10 12
10 13
10 14
10 20
10 73
10 104
10 117
10 149
10 170
10 182
10 189
10 232
10 244
10 274
12 14
12 49
12 50
12 52
12 103
12 117
12 134
12 139
12 168
12 232
13 20
13 21
13 27
13 29
13 105
13 229
14 21
14 96
14 105
14 117
14 139
14 167
14 232
15 185
16 21
16 22
16 133
16 137
16 153
16 218
16 224
16 234
16 246
16 258
18 76
18 96
18 103
18 138
18 162
18 167
18 224
19 133
20 21
20 27
20 103
20 134
20 138
20 162
20 173
20 185
20 191
21 22
21 117
21 134
21 139
21 167
21 218
21 232
21 238
22 49
22 96
22 117
22 133
22 134
22 137
22 139
22 173
22 185
22 192
22 286
23 178
23 253
27 76
27 103
27 113
27 138
29 277
31 54
33 35
33 36
33 149
34 97
34 223
35 37
35 39
35 90
35 147
35 203
36 39
36 176
37 90
37 188
38 39
38 149
38 188
39 90
39 212
40 41
41 202
41 227
41 272
41 282
44 66
44 67
44 80
44 104
44 106
44 119
44 127
44 131
44 143
44 145
44 161
44 171
44 183
44 194
44 208
44 214
44 223
44 234
45 104
45 113
45 187
47 170
48 51
48 104
48 190
49 50
49 104
49 133
49 171
49 235
49 238
49 255
50 52
50 95
50 277
51 104
51 116
51 189
51 190
51 283
52 81
52 104
52 116
52 180
52 187
52 190
52 275
55 118
56 57
56 60
56 62
56 108
56 142
56 151
56 165
56 199
56 210
56 216
56 263
56 267
57 62
57 64
57 115
57 199
57 204
57 216
57 266
58 65
58 66
58 68
58 106
58 119
58 131
58 143
58 200
58 273
60 63
60 64
60 108
60 151
60 165
60 169
60 226
60 245
60 249
60 257
60 263
61 108
61 210
61 280
62 63
62 115
62 135
62 245
63 64
63 65
63 69
63 70
63 115
63 127
63 130
63 161
63 169
63 183
63 200
63 204
63 210
63 214
63 234
63 239
63 245
63 280
64 108
64 115
64 146
64 151
64 152
64 169
64 210
65 70
65 161
65 183
65 208
65 234
65 239
66 67
66 69
66 106
66 125
66 131
66 161
66 200
66 208
66 214
66 219
66 273
67 68
67 106
67 127
67 131
67 183
67 214
68 69
68 106
68 125
68 132
68 145
68 200
68 208
68 234
69 70
69 106
69 119
69 125
69 127
69 131
69 132
69 145
69 161
69 186
69 206
69 228
69 234
69 239
70 97
70 119
70 125
70 127
70 143
70 145
70 161
70 183
70 200
70 214
70 239
70 273
71 260
72 220
72 238
73 84
73 117
73 168
73 170
75 105
76 129
77 149
77 188
77 203
77 244
77 261
78 79
78 282
79 202
80 220
81 189
81 275
83 182
88 187
90 176
90 274
91 206
96 117
96 133
96 168
96 173
96 192
96 232
97 107
97 194
97 219
98 196
99 123
99 271
99 296
102 133
103 138
103 162
103 182
103 185
103 225
104 180
104 184
104 235
104 238
104 255
105 113
105 138
105 153
105 162
106 119
106 127
106 131
106 143
106 200
106 228
107 125
108 115
108 130
108 135
108 148
108 216
108 257
108 267
109 141
109 185
109 242
109 303
113 129
113 138
113 185
114 157
115 207
115 216
115 243
115 280
116 171
116 180
116 189
116 235
116 238
116 275
116 283
117 124
117 134
117 137
117 153
117 167
117 192
117 222
117 224
117 238
117 258
118 159
119 131
119 145
119 161
119 183
119 200
119 208
119 214
119 239
120 292
121 215
124 222
125 207
125 219
125 230
125 232
127 131
127 132
127 200
129 134
129 153
129 162
129 167
129 191
129 192
129 215
129 225
130 204
130 207
130 245
130 257
130 263
131 132
131 203
131 208
131 214
131 228
132 183
132 200
132 228
132 230
132 234
132 239
132 246
132 273
133 168
133 170
133 185
133 232
133 277
133 285
134 138
134 139
134 153
134 167
134 191
135 152
135 207
135 210
135 245
135 266
135 267
135 281
137 153
137 167
137 232
138 162
138 185
139 167
139 222
141 180
141 219
141 255
142 148
142 207
142 233
142 245
142 257
143 161
143 208
143 214
143 234
143 239
145 183
145 228
145 234
145 239
146 271
147 176
148 199
148 204
148 207
148 257
148 280
149 188
149 244
149 261
150 170
150 202
151 165
151 210
151 216
151 245
151 266
151 281
152 169
152 257
152 266
152 267
153 168
153 215
153 232
155 160
157 296
160 201
160 213
161 183
161 208
161 214
162 185
162 191
162 286
163 184
165 169
165 199
167 192
167 222
167 224
167 286
168 232
168 285
169 266
169 267
170 177
170 196
170 220
170 241
170 273
170 285
170 303
171 189
172 198
172 213
172 217
172 219
173 232
173 269
174 260
175 268
176 274
177 231
179 233
179 311
180 184
180 185
180 187
180 189
180 190
180 235
180 238
180 275
180 283
182 185
182 232
182 277
183 194
183 214
183 234
183 239
184 190
184 238
184 275
184 283
185 215
185 224
185 232
185 286
186 251
187 238
187 240
187 248
189 190
189 219
189 238
189 255
190 235
190 275
191 215
191 224
192 218
192 222
192 277
192 285
193 247
194 230
194 232
195 220
197 226
197 243
198 206
198 217
199 245
199 281
200 232
200 234
200 246
202 220
202 265
204 210
204 216
204 257
204 266
204 281
207 210
207 216
207 245
207 257
207 263
207 266
207 267
207 280
208 228
208 234
208 239
208 273
210 245
210 263
210 281
214 228
214 234
214 239
216 245
216 257
216 280
218 232
220 265
221 254
224 286
225 286
226 257
226 264
227 272
227 299
228 239
228 246
228 273
229 237
229 255
229 275
229 277
230 234
230 239
230 246
230 273
231 243
231 253
232 238
232 258
232 277
232 286
233 311
234 239
235 275
237 242
238 275
238 283
239 273
241 252
241 268
244 261
245 263
245 266
245 267
252 276
255 275
257 264
257 266
259 279
263 267
263 281
266 280
268 272
272 299
297 298
311 316
318 319
