2 3
2 12
2 19
2 20
3 5
3 11
3 14
3 17
5 23
6 8
6 9
6 13
6 17
6 19
6 20
6 27
6 53
6 66
6 73
6 89
6 95
6 97
6 100
6 101
6 102
6 109
6 110
6 118
6 120
6 124
6 136
6 152
6 170
6 178
7 17
7 20
8 16
8 17
8 23
9 17
9 66
9 73
9 92
10 12
10 14
10 19
10 22
11 12
11 17
11 18
11 19
11 20
11 23
11 113
11 136
11 164
11 171
12 13
12 14
12 19
12 22
12 66
12 75
12 120
12 148
12 164
12 166
12 167
12 168
12 172
13 18
13 20
13 23
13 66
13 73
13 75
13 100
13 124
13 132
13 148
13 173
14 17
14 18
14 20
14 22
14 66
14 75
14 111
14 127
14 149
14 151
14 158
14 167
14 173
15 22
16 17
16 20
16 148
17 18
17 19
17 20
17 22
17 66
17 88
17 100
17 116
17 120
17 164
17 167
18 22
18 23
18 74
18 108
18 111
18 120
18 132
18 165
18 171
19 20
19 23
19 66
19 73
19 74
19 75
19 79
19 89
19 100
19 108
19 111
19 113
19 121
19 122
19 127
19 158
19 159
19 163
19 167
19 168
19 169
19 170
19 171
20 22
20 100
20 111
20 127
20 132
20 136
20 148
20 149
20 151
20 163
20 164
20 166
20 167
20 168
20 178
22 23
22 30
22 66
22 89
22 96
22 100
22 101
22 120
22 126
22 127
22 136
22 165
22 166
22 178
23 79
23 94
23 96
23 105
23 106
23 108
23 115
23 119
23 177
25 26
26 61
26 75
27 66
27 87
27 108
27 110
27 116
30 32
30 33
31 33
32 33
32 34
33 34
33 39
33 41
34 45
34 48
35 39
35 46
35 59
36 38
37 51
38 42
38 50
39 42
40 43
40 44
40 50
40 51
40 60
40 61
41 43
41 44
41 46
41 58
41 61
41 66
41 67
42 43
42 65
43 45
43 60
44 50
44 67
45 59
45 61
45 69
45 160
46 50
46 59
46 125
47 73
49 51
49 65
50 51
50 60
50 69
50 155
51 61
51 63
51 67
51 69
52 57
53 87
54 75
54 80
55 66
55 70
55 72
55 88
55 120
57 66
57 124
59 70
59 72
59 138
59 153
60 69
60 72
60 83
60 138
61 62
61 66
61 71
61 89
61 104
61 138
61 184
64 124
65 67
65 72
66 73
66 79
66 83
66 88
66 99
66 100
66 102
66 104
66 109
66 110
66 111
66 113
66 114
66 115
66 116
66 117
66 119
66 123
66 135
66 148
66 150
66 153
66 158
66 159
68 69
69 71
69 83
69 155
70 181
70 189
72 155
73 75
73 79
73 85
73 89
73 92
73 108
73 111
73 118
73 121
73 124
73 137
73 143
73 154
74 81
74 83
74 85
74 92
74 108
74 110
75 92
75 113
75 137
75 139
75 148
79 80
79 89
79 97
79 99
79 102
79 105
79 106
79 108
80 83
80 88
80 90
80 93
81 99
81 126
82 83
82 85
82 91
82 110
83 99
83 101
83 104
83 109
83 110
83 113
83 118
83 123
83 124
84 86
84 87
84 108
85 92
85 99
85 108
85 118
85 137
85 153
86 89
86 99
86 108
86 112
86 137
86 138
87 92
87 108
87 110
87 111
87 113
88 89
88 94
88 96
88 101
88 104
88 112
88 118
88 122
88 153
88 154
88 173
88 193
89 111
89 112
89 117
89 120
89 154
89 162
89 188
90 96
90 109
91 110
92 99
92 102
92 110
92 111
92 124
92 157
92 159
93 104
93 108
93 116
94 106
94 115
94 117
94 121
95 104
95 106
95 117
96 126
96 130
96 133
97 99
97 107
97 108
97 109
97 116
98 109
99 109
99 115
99 116
99 117
99 137
100 115
100 117
100 131
100 133
100 136
100 149
100 163
101 112
101 116
101 117
102 105
102 110
102 116
103 138
103 193
104 105
104 109
104 112
104 118
106 107
106 112
106 121
106 154
107 108
107 114
108 110
108 111
108 116
108 118
108 122
108 124
108 158
108 186
109 110
109 123
110 123
111 116
111 120
111 124
111 137
111 154
112 116
112 121
112 173
113 116
114 197
115 121
115 122
115 154
116 118
117 123
119 122
120 127
120 132
120 134
120 148
120 151
120 164
120 165
120 166
120 170
120 173
121 123
121 131
121 187
121 192
122 133
122 188
124 148
124 153
124 157
125 126
125 130
125 133
126 127
126 128
126 129
127 136
127 163
127 167
127 168
127 170
127 173
128 129
128 166
129 147
130 175
131 136
132 134
132 147
132 151
132 166
132 169
132 177
134 136
134 167
135 168
136 151
136 164
136 172
137 138
139 163
140 142
145 149
146 148
147 149
148 149
148 158
148 164
148 165
148 167
148 168
148 169
148 170
148 171
149 151
149 163
149 164
149 168
149 172
149 173
151 165
151 171
152 153
152 164
152 167
152 177
154 159
154 192
157 159
158 159
158 187
163 164
163 166
163 167
163 168
163 170
163 171
163 191
164 165
164 166
164 172
164 173
164 178
165 169
165 172
165 175
166 171
166 175
167 169
167 170
167 178
168 191
170 173
171 173
176 178
