1 3
2 3
2 5
3 4
4 6
7 8
10 11
10 13
12 15
24 29
24 31
24 32
24 34
24 36
24 38
24 41
24 43
24 44
24 45
24 48
24 51
24 52
24 55
24 56
24 57
24 58
24 59
24 60
24 65
24 67
24 68
24 69
24 71
28 30
28 31
28 32
28 33
28 35
28 36
28 37
28 39
28 40
28 41
28 42
28 44
28 45
28 46
28 48
28 49
28 51
28 53
28 55
28 56
28 57
28 59
28 60
28 61
28 63
28 65
28 66
28 67
29 34
29 35
29 36
29 37
29 43
29 45
29 46
29 47
29 48
29 50
29 53
29 55
29 56
29 57
29 60
29 61
29 62
29 64
29 65
29 66
29 67
29 68
29 69
29 70
29 71
30 32
30 33
30 34
30 35
30 36
30 37
30 38
30 39
30 41
30 42
30 43
30 45
30 46
30 47
30 49
30 53
30 57
30 59
30 63
30 64
30 65
30 66
30 68
30 71
31 32
31 33
31 34
31 35
31 37
31 38
31 39
31 40
31 44
31 45
31 46
31 47
31 48
31 49
31 50
31 51
31 53
31 58
31 59
31 61
31 63
32 33
32 34
32 38
32 39
32 40
32 41
32 43
32 44
32 45
32 46
32 51
32 52
32 53
32 54
32 55
32 57
32 59
32 60
32 61
32 63
32 64
32 65
32 70
33 35
33 36
33 37
33 38
33 39
33 40
33 41
33 43
33 44
33 47
33 50
33 52
33 54
33 58
33 60
33 63
33 66
33 67
33 68
34 37
34 38
34 40
34 42
34 43
34 44
34 48
34 50
34 52
34 53
34 54
34 55
34 58
34 59
34 60
34 63
34 64
34 66
34 67
34 68
35 36
35 38
35 39
35 41
35 44
35 47
35 49
35 50
35 51
35 52
35 53
35 54
35 55
35 56
35 57
35 58
35 62
35 65
35 67
35 70
36 39
36 41
36 42
36 44
36 45
36 46
36 47
36 48
36 49
36 50
36 52
36 53
36 55
36 57
36 58
36 59
36 60
36 61
36 63
36 66
36 67
36 68
36 69
36 70
36 71
37 40
37 41
37 42
37 43
37 45
37 47
37 48
37 49
37 50
37 51
37 53
37 55
37 56
37 57
37 58
37 59
37 60
37 61
37 63
37 64
37 65
37 66
37 67
37 68
37 69
37 70
37 71
38 39
38 40
38 41
38 43
38 44
38 45
38 46
38 48
38 49
38 50
38 53
38 54
38 55
38 56
38 58
38 59
38 60
38 61
38 64
38 65
38 66
38 67
38 68
38 69
38 71
39 40
39 42
39 43
39 45
39 46
39 48
39 50
39 51
39 53
39 54
39 55
39 56
39 57
39 59
39 61
39 62
39 63
39 64
39 65
39 66
39 69
39 70
39 71
40 41
40 42
40 43
40 44
40 45
40 46
40 47
40 48
40 49
40 52
40 53
40 54
40 55
40 57
40 58
40 62
40 64
40 65
40 66
40 67
40 68
40 69
40 70
40 71
41 42
41 43
41 44
41 45
41 46
41 47
41 48
41 49
41 50
41 51
41 52
41 54
41 55
41 56
41 57
41 59
41 60
41 62
41 63
41 64
41 65
41 66
41 67
41 68
41 69
41 70
41 71
42 46
42 47
42 49
42 50
42 51
42 52
42 53
42 54
42 55
42 58
42 62
42 63
42 64
42 65
42 67
43 44
43 45
43 46
43 47
43 48
43 52
43 53
43 54
43 55
43 56
43 59
43 61
43 63
43 64
43 66
43 67
43 68
43 69
43 70
44 49
44 50
44 51
44 52
44 57
44 58
44 59
44 60
44 63
44 67
44 68
44 70
44 71
45 46
45 49
45 50
45 51
45 52
45 54
45 55
45 56
45 57
45 58
45 59
45 60
45 61
45 62
45 64
45 65
45 68
45 69
45 71
46 50
46 53
46 56
46 58
46 59
46 61
46 63
46 64
46 65
46 67
46 69
46 70
46 71
47 52
47 54
47 56
47 57
47 59
47 60
47 61
47 62
47 63
47 64
47 65
47 66
47 68
47 69
47 70
47 71
48 49
48 50
48 51
48 52
48 53
48 54
48 57
48 58
48 59
48 61
48 62
48 65
48 67
48 68
48 69
48 70
48 71
49 50
49 52
49 54
49 55
49 56
49 57
49 58
49 60
49 62
49 63
49 64
49 66
49 67
49 69
49 71
50 53
50 54
50 55
50 56
50 59
50 60
50 61
50 62
50 63
50 67
50 68
50 69
50 70
51 54
51 57
51 58
51 60
51 64
51 65
51 66
51 68
51 69
51 70
51 71
52 53
52 54
52 55
52 57
52 58
52 59
52 60
52 61
52 62
52 63
52 64
52 67
52 68
52 70
53 54
53 55
53 56
53 58
53 59
53 60
53 61
53 62
53 63
53 64
53 65
53 66
53 68
53 69
53 70
54 55
54 56
54 57
54 58
54 59
54 61
54 62
54 63
54 66
54 68
54 69
54 71
55 56
55 57
55 58
55 59
55 60
55 61
55 62
55 63
55 64
55 66
55 68
55 70
56 57
56 58
56 60
56 61
56 62
56 63
56 64
56 65
56 66
56 69
56 71
57 58
57 59
57 60
57 62
57 63
57 64
57 65
57 67
57 69
57 71
58 59
58 61
58 63
58 64
58 66
58 67
58 68
58 70
59 60
59 61
59 62
59 63
59 64
59 65
59 66
59 68
59 69
59 71
60 61
60 63
60 64
60 66
60 69
60 71
61 62
61 63
61 65
61 66
61 67
61 68
61 69
61 71
62 63
62 64
62 66
62 67
62 68
62 69
62 70
62 71
63 64
63 65
63 66
63 67
63 69
63 70
64 70
64 71
65 66
65 67
65 68
65 69
65 70
65 71
66 67
66 68
66 70
66 71
67 69
67 71
68 69
68 70
68 71
70 71
