0: 2 3 10 11 20 22 
1: 5 12 22 35 46 74 78 81 108 124 154 
2: 6 20 66 145 150 159 
3: 0 1 5 10 11 14 19 120 170 
4: 26 77 154 169 172 173 189 
5: 9 20 26 29 51 73 86 90 96 128 136 147 152 153 154 155 156 167 173 194 196 
6: 8 9 14 25 47 53 79 80 91 95 105 120 123 129 132 137 139 147 149 153 171 177 
7: 0 8 19 53 60 69 72 83 87 95 103 108 110 111 122 127 130 164 185 196 
8: 2 20 35 60 133 136 
9: 16 53 66 71 75 82 111 113 117 137 139 148 163 
10: 3 11 14 17 18 23 71 100 113 114 119 120 123 129 132 141 164 192 196 
11: 32 53 57 73 92 100 112 113 114 127 136 151 161 162 179 
12: 0 2 5 8 10 13 19 31 49 61 83 121 153 157 166 196 
13: 23 113 127 128 147 151 157 163 164 189 191 
14: 5 18 19 66 75 112 114 127 148 151 157 166 178 186 
15: 79 80 90 93 97 99 
16: 3 7 78 91 
17: 2 9 12 14 75 88 94 111 116 136 148 157 
18: 1 14 53 54 86 90 92 100 114 124 128 132 149 151 152 157 164 166 170 172 173 183 191 
19: 12 53 54 55 61 66 74 92 94 96 101 113 115 117 119 121 124 132 138 164 167 170 176 197 
20: 5 7 8 16 136 148 149 158 163 164 176 
21: 4 5 16 175 
22: 1 13 15 16 18 23 26 83 108 115 116 122 147 148 149 151 152 163 171 172 174 
23: 1 11 13 38 100 105 117 
24: 1 16 80 81 99 100 104 107 108 132 154 168 171 174 
25: 79 86 89 107 118 143 149 
26: 27 29 34 54 77 85 89 108 109 111 115 116 128 153 176 184 
27: 6 24 26 66 88 89 102 109 111 114 143 149 172 
28: 5 30 32 124 153 156 167 172 191 
29: 32 51 73 77 86 88 90 128 138 140 149 176 184 191 
30: 28 33 36 60 63 67 68 100 130 160 
31: 40 41 42 45 46 49 55 59 61 65 69 111 129 
32: 9 28 33 35 37 38 39 42 49 52 60 62 68 69 99 101 105 106 107 179 
33: 38 42 43 46 58 60 62 63 66 98 105 108 109 119 123 134 
34: 31 39 45 50 55 66 69 71 75 83 
35: 30 33 36 38 39 40 41 59 60 98 103 105 107 123 170 
36: 7 33 37 40 41 43 49 50 55 56 69 174 194 
37: 32 34 51 55 60 61 62 66 90 
38: 40 43 44 46 80 116 189 
39: 36 44 46 51 80 
40: 32 37 39 41 43 50 63 66 69 105 108 109 132 179 
41: 33 36 52 55 62 96 97 136 
42: 1 38 44 55 106 159 180 183 
43: 33 41 60 62 78 121 131 174 194 
44: 35 36 41 42 46 66 72 91 98 99 106 107 123 131 166 179 
45: 43 60 63 86 96 
46: 1 43 50 65 67 99 104 123 128 129 131 135 159 
47: 53 75 103 
48: 24 34 81 
49: 7 12 31 34 67 70 113 114 136 142 174 185 192 194 196 
50: 32 36 37 40 42 45 51 53 55 66 69 88 106 111 114 123 160 166 168 
51: 31 34 41 55 61 64 65 67 69 144 
52: 31 41 51 53 57 69 124 
53: 5 6 27 34 36 49 52 54 55 60 71 81 84 86 88 111 112 129 154 158 183 197 
54: 19 31 34 47 49 53 61 83 84 85 93 98 99 110 116 125 129 146 158 177 186 193 
55: 7 36 42 50 51 53 65 70 150 158 188 
56: 12 32 36 41 54 58 59 68 69 71 88 114 124 158 
57: 5 18 19 49 54 58 60 61 65 112 114 129 130 136 185 192 195 
58: 32 33 41 52 65 69 98 99 100 106 110 121 131 135 154 187 188 
59: 34 37 40 41 42 45 50 51 67 100 118 153 158 
60: 1 7 12 19 30 32 34 36 41 46 65 67 80 88 99 106 110 114 122 127 130 135 141 151 153 194 
61: 7 25 26 32 43 55 60 62 68 73 110 116 138 196 
62: 31 51 60 61 99 100 109 123 132 
63: 30 32 33 36 62 65 109 110 123 135 154 155 168 
64: 30 32 56 68 99 131 168 170 179 
65: 31 39 42 43 50 56 64 98 105 109 110 122 131 136 
66: 4 10 11 22 27 33 34 52 57 58 59 65 67 69 72 73 75 99 108 112 116 119 120 123 133 135 139 153 158 159 170 182 188 193 
67: 34 38 42 45 56 65 69 84 87 103 136 138 159 164 174 178 195 
68: 30 32 50 61 166 183 
69: 37 57 58 65 66 83 88 94 110 111 127 132 140 141 155 174 190 194 
70: 46 59 67 69 72 87 93 94 110 118 121 125 142 151 164 168 175 177 179 189 195 
71: 49 58 69 103 111 112 116 117 137 150 153 168 195 
72: 31 34 36 38 67 70 161 
73: 6 13 18 27 28 34 66 86 88 89 93 104 109 113 116 118 121 136 137 138 143 149 159 184 192 
74: 7 9 24 26 53 72 80 81 82 97 98 103 108 139 154 161 168 190 
75: 6 34 82 86 103 149 159 
76: 144 
77: 18 76 86 90 97 102 124 136 138 140 149 184 191 
78: 104 108 174 188 
79: 10 27 53 74 97 98 99 104 107 114 136 167 
80: 6 15 23 53 54 79 81 83 88 91 97 104 110 139 162 168 179 
81: 22 53 97 100 110 126 128 129 135 136 150 170 183 
82: 43 59 75 111 113 124 
83: 49 52 74 81 82 84 87 90 98 100 103 108 109 110 123 131 132 134 141 159 178 195 
84: 6 9 47 53 82 83 103 108 110 113 135 194 
85: 26 53 73 74 77 84 87 102 108 110 111 118 128 152 
86: 6 53 69 79 84 96 104 118 136 163 164 167 184 189 
87: 7 20 21 27 54 74 96 116 118 150 161 
88: 10 12 19 45 66 70 77 79 83 90 99 101 121 123 128 136 147 153 167 191 
89: 10 19 22 25 26 31 55 59 66 73 79 82 88 99 101 109 117 121 123 124 132 153 154 156 196 
90: 26 49 96 124 136 184 
91: 6 16 24 27 44 63 80 119 
92: 9 13 18 19 22 26 53 60 66 74 89 99 105 121 124 133 137 
93: 15 70 97 109 114 116 125 146 
94: 7 23 70 88 93 96 99 100 112 116 118 146 168 190 
95: 6 46 60 93 99 106 110 112 117 122 125 131 132 142 146 171 174 190 193 
96: 26 27 29 51 69 77 92 94 101 116 121 127 131 140 153 167 169 184 
97: 5 6 15 25 27 89 98 102 109 116 128 138 167 
98: 1 8 22 32 35 44 95 99 101 110 132 179 197 
99: 1 15 19 60 82 95 101 118 135 152 153 154 194 197 
100: 8 13 14 22 23 35 40 46 59 89 94 95 99 107 110 117 122 127 131 133 135 154 167 168 170 
101: 6 8 10 33 40 46 60 61 68 79 99 105 115 131 132 135 164 166 178 
102: 4 6 23 27 28 80 87 94 99 104 107 128 138 169 189 
103: 7 47 66 73 78 79 85 112 118 154 178 193 
104: 16 42 54 61 74 81 86 93 95 97 107 109 115 168 171 
105: 19 25 38 40 44 64 81 99 100 106 124 136 182 194 
106: 33 35 40 58 60 63 66 95 96 100 104 111 116 117 123 131 132 183 187 
107: 6 15 40 48 60 65 100 105 106 162 168 187 
108: 6 10 23 26 35 44 60 64 65 69 80 83 90 92 94 101 102 113 118 123 133 156 158 164 174 186 190 
109: 15 32 35 62 63 66 81 82 89 107 168 170 177 179 
110: 6 15 32 40 58 60 66 90 95 99 101 106 108 116 136 143 158 159 
111: 13 27 60 69 73 82 84 89 94 108 116 122 123 125 137 146 157 158 190 193 194 
112: 7 60 71 88 89 95 104 116 151 173 193 195 
113: 10 12 13 15 19 26 27 69 73 74 108 111 114 148 161 
114: 66 94 102 112 131 164 195 
115: 3 10 94 148 157 
116: 10 25 40 61 82 86 87 89 92 93 95 96 101 105 106 108 114 117 119 134 135 137 143 162 
117: 9 17 19 66 79 89 107 122 183 
118: 25 60 80 99 108 110 137 142 170 192 193 
119: 19 92 121 134 
120: 1 3 10 11 13 14 19 22 66 124 136 163 170 
121: 1 8 9 59 60 66 88 94 96 101 103 106 119 123 146 175 186 190 
122: 1 7 9 19 32 33 40 43 58 59 64 69 82 94 98 99 107 110 111 119 130 133 136 143 146 179 186 188 
123: 6 10 19 22 27 42 44 65 81 100 101 110 114 131 132 
124: 29 57 87 90 97 102 105 119 138 148 158 186 
125: 22 93 111 126 128 130 131 132 135 146 171 192 
126: 6 22 79 136 172 
127: 3 6 11 22 70 83 86 95 96 100 134 136 139 148 150 163 164 167 178 195 
128: 28 29 51 85 86 96 127 129 135 147 149 153 166 173 191 
129: 10 12 31 54 55 125 127 128 175 182 195 
130: 10 30 94 121 127 132 141 166 177 185 193 
131: 1 22 33 56 58 60 66 81 83 99 107 109 110 114 130 132 140 178 179 182 196 
132: 6 8 10 17 24 44 63 66 68 83 93 98 108 111 118 125 127 130 131 136 146 149 154 158 166 175 177 178 182 183 193 
133: 131 180 191 
134: 33 83 127 128 159 170 
135: 11 58 67 95 108 126 127 131 132 159 166 171 178 195 
136: 7 19 24 46 70 73 77 93 95 97 105 121 138 142 143 161 165 169 172 183 184 188 
137: 9 20 53 73 78 85 86 111 117 153 
138: 26 28 59 72 77 90 118 136 137 152 153 155 172 173 
139: 23 32 103 135 163 164 179 
140: 5 13 85 86 90 102 131 136 147 172 173 198 
141: 7 95 195 
142: 60 70 83 89 118 161 164 171 174 193 
143: 26 61 70 73 93 108 
144: 2 126 128 149 
145: 2 16 148 
146: 94 118 130 147 
147: 10 29 76 77 96 127 138 144 167 172 
148: 2 9 13 14 18 19 111 124 128 159 167 168 169 
149: 3 16 17 22 51 77 79 89 128 142 145 151 165 176 189 191 194 
150: 7 36 56 67 70 96 103 161 196 
151: 6 11 13 14 22 60 61 100 130 163 173 195 
152: 9 18 19 22 85 99 153 157 164 176 177 
153: 26 28 29 55 60 61 62 69 72 74 88 96 115 116 120 121 124 147 163 172 185 
154: 1 5 44 85 99 100 103 104 105 121 123 131 136 153 163 164 168 187 192 
155: 51 69 128 140 156 180 
156: 6 8 28 108 128 140 155 169 172 176 
157: 6 12 
158: 8 10 11 19 20 43 49 67 71 78 88 89 110 112 130 131 132 161 174 
159: 2 4 8 11 66 67 75 120 124 195 
160: 36 45 59 61 149 
161: 7 14 69 71 103 112 194 196 
162: 23 43 89 116 135 139 179 
163: 5 120 151 165 166 169 171 173 191 
164: 11 18 49 55 69 83 108 113 127 136 139 150 151 154 158 165 174 182 192 196 197 
165: 11 120 130 132 149 163 164 
166: 128 147 163 164 168 169 172 173 174 187 
167: 3 4 17 18 26 73 77 85 97 115 134 136 145 149 156 164 170 173 177 
168: 9 22 40 44 50 65 68 94 104 108 109 110 117 120 121 122 127 131 132 135 146 151 164 170 172 
169: 3 6 13 17 29 77 86 97 120 138 156 166 
170: 7 11 12 14 43 53 54 99 105 111 148 150 163 166 178 195 
171: 1 3 66 93 94 95 98 100 108 111 120 122 127 132 152 164 167 
172: 13 17 19 20 22 100 115 126 127 128 138 147 163 164 165 169 184 
173: 4 18 88 92 128 136 163 166 169 189 191 
174: 49 67 75 89 99 100 110 118 128 143 164 
175: 21 84 87 93 121 128 130 166 193 
176: 6 20 22 26 96 152 156 
177: 7 12 22 70 109 146 176 178 183 
178: 12 43 49 70 99 101 108 131 138 149 163 182 
179: 11 32 33 38 44 63 66 95 98 99 108 119 134 189 
180: 47 155 179 181 
181: 116 149 180 
182: 22 42 43 98 101 164 174 
183: 30 46 50 53 60 81 146 158 182 
184: 18 29 59 90 136 147 153 167 172 173 191 
185: 14 19 49 59 66 70 83 192 
186: 12 70 87 96 100 108 121 187 
187: 35 58 60 101 121 132 154 166 
188: 78 100 107 
189: 38 70 139 147 
190: 6 95 122 132 171 
191: 5 13 88 90 108 133 140 149 173 
192: 49 60 61 67 69 87 92 96 108 125 150 161 174 183 186 193 
193: 73 88 103 114 115 130 142 183 192 
194: 7 19 22 49 56 61 70 96 101 105 130 149 175 197 
195: 10 18 19 36 40 53 61 83 111 112 134 149 150 158 194 
196: 12 18 19 49 55 56 71 83 112 121 142 183 194 195 
197: 12 53 54 83 100 114 182 
198: 26 75 96 
