0 0
1 1
10 72
100 48
101 49
102 50
103 51
104 95
105 80
106 81
107 52
108 164
109 158
11 138
110 53
111 174
112 136
113 27
114 28
115 29
116 30
117 89
118 143
119 144
12 4
120 137
121 175
122 194
123 31
124 124
125 165
126 64
127 125
128 109
129 126
13 5
130 110
131 32
132 127
133 33
134 34
135 181
136 176
137 145
138 35
139 146
14 6
140 96
141 147
142 65
143 128
144 36
145 189
146 66
147 195
148 129
149 97
15 92
150 152
151 111
152 37
153 130
154 116
155 67
156 82
157 112
158 98
159 117
16 87
160 38
161 83
162 196
163 39
164 148
165 113
166 40
167 197
168 178
169 68
17 154
170 84
171 99
172 41
173 85
174 90
175 100
176 54
177 193
178 69
179 131
18 155
180 42
181 149
182 182
183 184
184 55
185 43
186 70
187 132
188 153
189 179
19 159
190 191
191 101
192 133
193 114
194 134
195 135
196 44
197 45
2 56
20 7
21 8
22 161
23 102
24 46
25 139
26 73
27 150
28 57
29 103
3 71
30 58
31 59
32 162
33 9
34 140
35 166
36 163
37 74
38 10
39 180
4 86
40 141
41 183
42 167
43 185
44 75
45 47
46 168
47 186
48 76
49 190
5 88
50 156
51 11
52 12
53 104
54 13
55 14
56 15
57 16
58 17
59 18
6 91
60 169
61 187
62 19
63 20
64 160
65 170
66 171
67 172
68 173
69 21
7 2
70 177
71 118
72 119
73 22
74 120
75 105
76 77
77 60
78 106
79 93
8 115
80 78
81 107
82 142
83 23
84 188
85 24
86 192
87 94
88 61
89 121
9 3
90 25
91 26
92 62
93 157
94 151
95 122
96 123
97 79
98 63
99 108
