0 0 20
0 0 19
0 0 18
0 5 27
0 0 21
0 5 24
0 5 26
0.417032 17 30
0.417032 29 30
0.417032 28 30
0.417032 25 31
0.417032 25 28
0.417032 16 31
0.417032 25 30
0.417032 2 16
0.417032 30 31
0.417032 4 31
0.417032 4 30
0.434294 1 25
0.434294 1 18
0.434294 18 25
0.45512 13 28
0.45512 6 20
0.45512 13 27
0.45512 20 23
0.45512 13 23
0.45512 20 28
0.45512 20 27
0.45512 13 29
0.45512 4 23
0.45512 13 17
0.45512 20 29
0.45512 20 26
0.45512 20 21
0.45512 9 26
0.45512 19 24
0.45512 1 24
0.45512 9 20
0.45512 1 19
0.45512 17 20
0.45512 17 27
0.45512 1 14
0.45512 4 27
0.45512 14 24
0.45512 1 3
0.45512 14 19
0.45512 21 27
0.45512 19 29
0.45512 4 20
0.45512 13 20
0.45512 4 13
0.45512 10 26
0.45512 11 20
0.45512 3 24
0.45512 23 29
0.45512 11 21
0.45512 11 23
0.45512 11 28
0.45512 11 27
0.45512 7 9
0.45512 7 10
0.45512 23 28
0.45512 4 11
0.45512 27 29
0.45512 3 19
0.45512 11 13
0.45512 27 28
0.45512 24 29
0.45512 7 20
0.45512 10 20
0.45512 6 7
0.45512 23 27
0.480898 4 5
0.480898 6 14
0.480898 9 17
0.480898 5 17
0.480898 5 14
0.513898 2 22
0.513898 15 31
0.513898 5 15
0.513898 2 5
0.513898 21 22
0.513898 1 22
0.513898 15 22
0.513898 5 22
0.513898 1 15
0.513898 2 15
0.513898 5 21
0.558111 12 13
0.558111 7 13
0.558111 18 26
0.558111 7 12
0.558111 6 18
0.558111 1 13
0.621335 9 16
0.621335 23 31
0.621335 1 23
0.621335 9 15
0.621335 5 23
0.621335 8 31
0.621335 16 21
0.621335 8 23
0.621335 6 29
0.621335 16 25
0.621335 14 21
0.621335 12 15
0.621335 4 15
0.621335 4 16
0.621335 12 23
0.621335 15 16
0.621335 15 25
0.621335 9 29
0.621335 14 15
0.621335 15 29
0.621335 12 16
0.621335 14 16
0.721348 10 30
0.834065 17 31
0.872152 17 28
0.872152 21 28
0.872152 4 28
0.897931 17 25
0.910239 0 3
0.910239 11 12
0.910239 11 26
0.910239 23 26
0.910239 11 14
0.910239 0 8
0.910239 3 5
0.910239 0 14
0.910239 0 25
0.910239 14 26
0.910239 2 14
0.910239 2 7
0.910239 1 11
0.910239 2 12
0.936018 6 9
0.992405 18 21
1.01323 13 21
1.10223 4 14
1.10223 6 25
1.10223 9 14
1.10223 4 9
1.10223 9 12
1.10223 9 25
1.10223 12 25
1.10223 5 12
1.13523 1 31
1.13523 1 5
1.13523 5 31
1.13838 21 30
1.17945 1 12
1.17945 8 29
1.35305 4 17
1.36536 21 23
1.36536 17 23
1.36536 11 17
1.36536 1 29
1.39114 5 9
1.39114 12 17
1.39114 14 17
1.4427 8 21
1.4427 1 17
1.4427 2 8
1.4427 3 6
1.4427 4 10
1.4427 3 10
1.4427 10 12
1.4427 2 6
1.4427 8 10
1.47266 21 25
1.5063 1 21
1.51927 4 25
1.53157 12 29
1.6597 25 29
1.85973 28 31
1.85973 29 31
1.89781 6 10
1.92359 4 6
1.92359 6 12
1.92359 6 17
1.98669 14 29
2.00081 8 26
2.00739 21 29
2.01247 12 14
2.01247 14 25
2.06403 1 8
2.16404 10 21
2.2756 11 29
2.31485 28 29
2.37363 2 31
2.45593 6 26
2.54493 4 12
2.93618 4 21
3.26317 3 8
3.50673 6 8
3.58818 1 2
3.68021 17 26
4.40155 2 26
