1 0 1
1 18 24
1 6 24
1 6 26
1 6 28
1 6 29
1 17 30
1 17 29
1 7 10
1 7 12
1 17 21
1 17 19
1 7 19
1 16 33
1 7 22
1 7 27
1 18 26
1 6 17
1 6 12
1 6 11
1 19 21
1 5 7
1 5 9
1 5 11
1 5 12
1 5 13
1 5 15
1 7 29
1 11 23
1 5 20
1 5 21
1 5 24
1 5 26
1 5 28
1 5 32
1 5 33
1 18 31
1 16 31
1 8 10
1 16 30
1 10 19
1 10 22
1 10 23
1 10 24
1 10 25
1 10 26
1 10 29
1 12 23
1 12 18
1 11 12
1 11 32
1 11 15
1 11 18
1 11 19
1 11 20
1 11 31
1 11 33
1 4 32
1 12 25
1 10 14
1 8 16
1 16 27
1 16 20
1 15 31
1 15 30
1 15 19
1 15 16
1 10 15
1 14 31
1 9 16
1 9 18
1 14 28
1 14 24
1 14 16
1 13 19
1 12 29
1 9 11
1 4 30
1 18 32
1 4 26
1 1 15
1 1 23
1 1 32
1 2 3
1 2 5
1 22 32
1 1 14
1 22 31
1 2 11
1 22 28
1 22 26
1 2 16
1 2 19
1 21 29
1 19 22
1 2 21
1 1 4
1 23 26
1 27 32
1 27 30
1 0 11
1 26 27
1 25 26
1 0 16
1 23 24
1 0 17
1 0 23
1 0 24
1 0 25
1 23 32
1 23 31
1 23 28
1 24 27
1 2 27
1 11 27
1 21 26
1 20 27
1 3 19
1 3 21
1 3 26
1 4 5
1 4 6
1 20 25
1 4 9
1 4 14
1 4 18
1 4 19
1 20 23
1 19 28
1 4 23
1 19 24
1 3 16
1 20 30
1 3 23
1 3 6
1 21 22
1 3 4
1 3 12
1 21 23
1 3 5
2 26 33
2 20 24
2 12 22
2 24 33
2 22 23
2 21 32
2 21 28
2 30 31
2 25 33
2 29 33
2 17 23
2 26 31
2 29 30
2 25 32
2 17 24
2 15 22
2 22 29
2 15 28
2 20 28
2 15 29
2 18 28
2 18 20
2 14 29
2 18 30
2 15 33
2 14 19
2 17 22
2 13 27
2 13 22
2 20 31
2 13 17
2 12 32
2 20 26
2 12 28
2 15 24
2 22 30
2 10 17
2 11 22
2 4 25
2 4 28
2 5 6
2 5 17
2 5 19
2 6 10
2 6 18
2 6 19
2 11 28
2 7 16
2 7 18
2 7 20
2 8 17
2 8 24
2 8 30
2 4 21
2 9 10
2 4 20
2 3 33
2 0 2
2 0 6
2 0 9
2 0 12
2 0 13
2 0 22
2 0 29
2 1 3
2 2 7
2 2 12
2 2 13
2 2 20
2 2 31
2 3 7
2 3 18
2 4 8
2 9 17
2 6 30
2 9 27
2 11 13
2 10 30
2 10 21
2 9 21
2 9 24
2 9 23
2 32 33
3 9 28
3 2 9
3 9 31
3 9 30
3 22 25
3 2 15
3 2 22
3 2 29
3 9 29
3 20 32
3 3 14
3 3 15
3 8 33
3 13 23
3 2 8
3 4 13
3 12 26
3 0 32
3 30 33
3 14 26
3 0 5
3 28 31
3 10 31
3 0 7
3 26 32
3 14 33
3 25 29
3 0 20
3 10 18
3 0 26
3 31 33
3 0 33
3 13 30
3 14 30
3 18 21
3 14 20
3 14 22
3 6 31
3 17 25
3 6 33
3 7 9
3 7 31
3 13 31
3 8 32
3 15 18
3 8 19
3 17 18
3 8 21
3 15 26
3 9 22
3 6 13
3 18 29
4 8 25
4 14 21
4 28 33
4 28 32
4 15 32
4 0 15
4 25 30
4 14 32
4 26 28
4 8 20
4 12 15
4 0 8
4 7 15
4 8 29
4 9 33
4 9 25
4 13 26
4 13 24
4 14 25
4 2 6
4 2 33
4 21 25
4 18 25
4 13 15
4 14 18
4 18 19
4 2 14
4 6 20
5 0 3
5 13 32
5 13 33
5 14 15
6 0 14
6 8 18
6 8 14
6 13 28
7 13 20
