0.00373125 7 25
0.0037375 9 25
0.00383125 4 20
0.00385 6 25
0.00386875 21 25
0.00389375 4 18
0.00390625 4 30
0.004025 2 12
0.0040375 1 4
0.00408125 12 14
0.004125 0 16
0.00414375 14 30
0.004175 21 30
0.00419375 14 23
0.004225 2 3
0.0042375 20 25
0.0042625 11 12
0.00428125 6 21
0.0042875 4 15
0.00436875 7 9
0.00436875 23 30
0.004375 13 16
0.00445 14 28
0.00446875 28 30
0.00449375 8 12
0.00460625 1 2
0.0046125 15 16
0.00464375 0 9
0.004775 7 20
0.00479375 9 24
0.00484375 7 22
0.00488125 17 25
0.00489375 16 28
0.004925 4 13
0.00495 4 19
0.00496875 6 23
0.00499375 2 26
0.00500625 2 23
0.00506875 3 20
0.005075 12 27
0.00511875 0 3
0.00511875 5 14
0.0052125 3 18
0.00521875 23 27
0.00524375 25 28
0.0052625 18 23
0.0054125 5 12
0.00551875 18 28
0.00556875 16 19
0.0056125 21 29
0.0057375 20 23
0.00583125 6 16
0.005875 18 24
0.00608125 4 9
0.00610625 3 14
0.0062625 20 26
0.0062875 9 18
0.006375 6 9
0.0064 10 12
0.0064625 11 25
0.006475 10 16
0.00649375 18 25
0.0065125 7 21
0.00656875 7 14
0.0066 12 16
0.0066 16 18
0.00660625 0 14
0.00660625 2 25
0.0066125 6 26
0.0066375 2 9
0.006675 6 18
0.006725 11 14
0.00675 0 12
0.0067625 12 21
0.00683125 4 26
0.00684375 9 23
0.00690625 1 9
0.00695625 26 30
0.00703125 15 21
0.00705 16 20
0.00709375 2 7
0.0071 10 30
0.007125 0 25
0.00715 14 24
0.0071625 1 21
0.0072125 13 14
0.0072875 12 18
0.00729375 13 30
0.00730625 8 30
0.0073375 4 5
0.0074125 9 11
0.0074375 22 27
0.00744375 7 26
0.00748125 14 17
0.00750625 12 26
0.0075125 10 22
0.007525 21 22
0.007525 8 21
0.00754375 17 21
0.00756875 12 30
0.007575 7 23
0.00758125 7 28
0.0076375 10 26
0.00775625 2 29
0.00780625 27 30
0.00783125 11 30
0.0078875 0 6
0.00791875 5 21
0.00795 8 27
0.00796875 16 17
0.007975 1 23
0.008 3 15
0.0082125 15 27
0.0082125 20 30
0.00825625 0 1
0.00833125 12 25
0.0084625 2 14
0.0084625 4 16
0.0085 5 7
0.0086875 6 14
0.008725 7 12
0.0087875 7 17
0.0088 12 15
0.00881875 3 19
0.008825 10 19
0.00885625 3 9
0.00889375 14 29
0.0090125 6 19
0.00905625 13 20
0.0091 9 26
0.0091125 10 25
0.00916875 19 26
0.0092625 11 21
0.00926875 4 24
0.0093 18 30
0.00931875 7 10
0.00936875 24 25
0.00938125 19 23
0.00939375 16 26
0.0094 2 21
0.0094625 11 18
0.00950625 3 6
0.00955 7 27
0.0096 1 8
0.00960625 22 25
0.00969375 9 29
0.00970625 9 13
0.00971875 21 27
0.00976875 3 28
0.009825 21 24
0.00986875 22 23
0.009875 25 26
0.0099 2 22
0.0100375 7 11
0.0100875 1 18
0.010175 10 20
0.0101813 6 11
0.0102 15 30
0.0102063 28 29
0.0102812 6 20
0.01035 1 27
0.0103812 11 22
0.0103938 22 28
0.0104063 11 26
0.0104063 27 28
0.01045 7 24
0.010475 2 11
0.0106188 10 15
0.0106313 16 29
0.0107062 24 30
0.010725 10 11
0.0107875 0 22
0.0109312 0 20
0.0110688 10 17
0.0111062 19 30
0.011125 1 13
0.0112 8 24
0.011225 3 17
0.0112438 18 29
0.0113563 15 23
0.011375 17 23
0.0115063 11 13
0.0116188 0 15
0.0117813 12 17
0.0118313 0 5
0.0121 0 17
0.0123687 19 24
0.0126563 19 21
0.0127188 26 27
0.0127813 8 20
0.0128313 17 18
0.0128563 3 29
0.0128625 0 2
0.0130312 10 28
0.0130937 29 30
0.0130937 1 15
0.0132625 13 28
0.0133188 7 29
0.0133375 17 30
0.013475 11 23
0.0136312 10 13
0.0137563 26 29
0.0137625 5 6
0.013825 2 17
0.01385 13 24
0.0138625 5 23
0.0141687 5 10
0.0142375 27 29
0.0142937 2 19
0.014325 1 17
0.0146125 3 23
0.0147625 18 26
0.0148813 23 28
0.0152063 13 23
0.0152625 3 13
0.0155062 19 29
0.015725 10 24
0.0157875 1 19
0.0159063 15 20
0.0160875 19 27
0.01705 11 17
0.018025 5 13
0.0188437 13 29
0.019425 5 20
0.0216375 15 19
0.0510938 4 27
0.0512937 10 27
0.0513938 9 21
0.05175 3 25
0.0518062 3 21
0.051975 16 23
0.0528 8 18
0.0529438 18 20
0.0534 8 26
0.0534188 4 21
0.0538937 4 7
0.0539313 16 22
0.0539875 9 22
0.054025 9 27
0.0540375 25 27
0.0541687 10 21
0.0542625 3 12
0.0544625 6 28
0.0544688 2 27
0.054525 11 16
0.0545687 7 8
0.0547625 1 22
0.0548812 5 25
0.0550437 13 21
0.055175 2 28
0.05555 0 10
0.056075 2 18
0.0567313 6 22
0.0568313 3 8
0.0568812 3 22
0.0570125 3 26
0.0572375 1 28
0.0573188 6 8
0.0573688 8 25
0.057375 12 20
0.0573812 18 22
0.0575313 1 26
0.0581 0 24
0.0584688 22 24
0.0591813 3 30
0.059225 15 29
0.0592688 23 29
0.0597312 10 23
0.0597812 6 15
0.0598937 5 16
0.0601063 7 13
0.060175 20 27
0.0603375 1 11
0.0603812 20 28
0.0604875 11 29
0.0607687 15 28
0.0612562 19 28
0.0612938 5 28
0.0614 5 22
0.0614938 17 24
0.0615937 20 29
0.0628813 1 5
0.063 17 26
0.0630938 11 15
0.0631062 13 22
0.063125 5 8
0.0636562 17 28
0.0650562 0 8
0.0657813 20 24
0.0657938 0 19
0.0661563 19 20
0.066375 5 24
0.0671937 13 17
