0.0454545 40 48
0.0454545 11 36
0.0454545 40 41
0.0454545 16 48
0.0454545 36 48
0.0454545 13 51
0.0454545 44 48
0.0454545 11 26
0.0454545 16 36
0.0454545 35 36
0.0526316 49 50
0.0526316 13 50
0.0526316 19 43
0.0526316 18 54
0.0526316 18 43
0.0526316 44 47
0.0526316 44 50
0.0526316 15 50
0.0526316 47 50
0.0526316 18 50
0.0526316 44 54
0.0526316 2 50
0.0526316 2 39
0.0526316 6 54
0.0526316 6 49
0.0526316 42 43
0.0526316 6 26
0.0526316 26 50
0.0526316 50 54
0.0526316 2 49
0.0526316 2 54
0.0526316 13 54
0.0555556 2 48
0.0555556 53 57
0.0555556 17 22
0.0555556 10 53
0.0555556 10 19
0.0555556 5 21
0.0555556 5 53
0.0588235 42 52
0.0588235 21 55
0.0588235 23 42
0.0588235 37 52
0.0588235 13 27
0.0588235 24 39
0.0588235 37 42
0.0588235 24 37
0.0625 0 41
0.0625 54 56
0.0625 37 54
0.0625 45 54
0.0625 0 37
0.0625 25 49
0.0625 0 25
0.0666667 9 14
0.0666667 10 36
0.0666667 0 22
0.0666667 9 57
0.0666667 9 36
0.0666667 9 34
0.0666667 5 40
0.0666667 9 29
0.0666667 7 8
0.0666667 7 16
0.0666667 0 24
0.0666667 9 26
0.0666667 9 24
0.0666667 48 56
0.0666667 7 49
0.0666667 13 33
0.0666667 52 57
0.0666667 13 19
0.0666667 7 55
0.0666667 10 26
0.0666667 0 3
0.0666667 5 22
0.0666667 3 12
0.0666667 24 52
0.0666667 3 21
0.0666667 40 54
0.0666667 41 55
0.0666667 24 45
0.0666667 24 42
0.0666667 24 36
0.0666667 24 47
0.0666667 25 57
0.0666667 26 31
0.0666667 26 45
0.0666667 31 54
0.0666667 36 57
0.0666667 29 43
0.0666667 29 42
0.0666667 28 43
0.0666667 28 40
0.0666667 28 31
0.0666667 40 43
0.0666667 27 43
0.0666667 0 34
0.0666667 3 42
0.0666667 24 33
0.0666667 42 49
0.0666667 16 42
0.0666667 16 23
0.0666667 16 19
0.0666667 4 51
0.0666667 4 54
0.0666667 14 57
0.0666667 5 7
0.0666667 0 38
0.0666667 14 24
0.0666667 16 52
0.0666667 24 26
0.0666667 16 54
0.0666667 4 31
0.0666667 34 52
0.0666667 23 24
0.0666667 43 54
0.0666667 43 51
0.0666667 22 40
0.0666667 16 57
0.0666667 22 45
0.0666667 22 57
0.0714286 24 41
0.0714286 22 44
0.0714286 24 53
0.0714286 30 53
0.0714286 34 53
0.0714286 16 53
0.0769231 34 39
0.0769231 7 30
0.0769231 9 56
0.0769231 20 40
0.0769231 20 26
0.0769231 45 51
0.0769231 15 17
0.0769231 30 45
0.0769231 20 57
0.0769231 24 48
0.0769231 31 48
0.0769231 17 36
0.0769231 14 17
0.0769231 39 42
0.0769231 42 45
0.0769231 6 48
0.0769231 42 51
0.0833333 48 55
0.0833333 0 39
0.0833333 9 28
0.0833333 9 33
0.0833333 9 23
0.0833333 3 50
0.0833333 6 14
0.0833333 49 51
0.0833333 0 30
0.0833333 8 50
0.0833333 48 49
0.0833333 30 37
0.0833333 0 32
0.0833333 48 52
0.0833333 30 50
0.0833333 55 57
0.0833333 9 55
0.0833333 9 48
0.0833333 25 52
0.0833333 41 46
0.0833333 3 9
0.0833333 17 37
0.0833333 17 50
0.0833333 17 55
0.0833333 11 32
0.0833333 0 55
0.0833333 10 50
0.0833333 33 50
0.0833333 32 54
0.0833333 37 50
0.0833333 3 47
0.0833333 9 54
0.0833333 9 51
0.0833333 3 6
0.0833333 9 49
0.0833333 9 41
0.0833333 27 47
0.0833333 0 46
0.0833333 6 57
0.0833333 23 54
0.0833333 50 51
0.0833333 3 20
0.0833333 54 55
0.0833333 0 9
0.0833333 23 48
0.0833333 0 19
0.0833333 50 55
0.0833333 7 36
0.0833333 7 52
0.0833333 50 57
0.0909091 9 11
0.0909091 0 4
0.0909091 37 43
0.0909091 0 13
0.0909091 17 47
0.0909091 11 15
0.0909091 43 44
0.0909091 11 49
0.0909091 23 43
0.0909091 43 57
0.0909091 9 13
0.0909091 43 45
0.0909091 16 49
0.0909091 23 31
0.0909091 23 45
0.0909091 31 37
0.0909091 31 57
0.0909091 13 17
0.0909091 40 42
0.0909091 9 42
0.0909091 0 17
0.0980861 13 26
0.1 31 55
0.1 14 31
0.1 11 31
0.1 52 53
0.1 4 19
0.1 5 52
0.1 5 47
0.1 2 5
0.1 52 56
0.1 2 43
0.1 14 30
0.1 14 16
0.1 18 23
0.1 15 53
0.1 14 19
0.1 5 30
0.1 36 52
0.1 14 41
0.1 36 56
0.1 36 49
0.1 2 55
0.1 43 47
0.1 12 53
0.1 4 36
0.1 36 39
0.1 42 44
0.1 4 14
0.1 11 55
0.1 15 52
0.1 17 52
0.1 17 54
0.1 16 47
0.1 35 53
0.1 15 31
0.1 7 28
0.1 29 52
0.1 5 6
0.1 23 26
0.1 7 34
0.1 14 52
0.10101 41 51
0.10101 35 48
0.111111 24 43
0.111111 18 55
0.111111 4 48
0.111111 14 22
0.111111 13 55
0.111111 5 13
0.111111 20 43
0.111111 17 43
0.111111 24 56
0.111111 13 14
0.111111 14 55
0.111111 15 30
0.111111 17 24
0.111111 55 56
0.111111 13 56
0.111111 24 35
0.111111 15 37
0.111455 13 46
0.111455 13 39
0.112121 41 48
0.112121 40 51
0.112121 16 26
0.114379 27 42
0.114379 10 27
0.116883 30 44
0.116883 16 30
0.117647 27 37
0.119298 5 35
0.119298 26 43
0.119298 25 26
0.119298 5 43
0.122222 5 54
0.122222 22 42
0.122378 34 48
0.122378 11 30
0.125 23 33
0.125 23 40
0.125 7 53
0.125 37 48
0.125 11 53
0.125 19 37
0.12549 42 55
0.12549 10 52
0.12549 21 23
0.12549 21 52
0.126984 27 53
0.128788 35 51
0.128788 12 44
0.128788 11 51
0.129555 26 46
0.129555 42 56
0.129555 15 46
0.130252 24 44
0.132479 27 57
0.132479 5 57
0.132479 42 48
0.132479 17 26
0.132479 21 48
0.132479 15 51
0.133333 15 24
0.135965 29 50
0.135965 46 54
0.135965 46 49
0.135965 6 50
0.135965 39 50
0.136364 16 18
0.136364 13 40
0.136364 11 40
0.138095 3 24
0.138889 48 54
0.139423 20 45
0.142157 10 55
0.142157 29 37
0.142857 2 3
0.142857 38 53
0.142857 31 53
0.142857 8 53
0.142857 37 40
0.142857 26 37
0.142857 45 53
0.142857 20 36
0.142857 19 44
0.142857 31 39
0.142857 36 53
0.142857 36 55
0.142857 36 37
0.142857 6 45
0.142857 15 20
0.142857 40 53
0.142857 2 53
0.142857 18 53
0.143541 6 18
0.14359 26 57
0.14359 3 15
0.14359 12 57
0.14359 22 31
0.14359 36 45
0.14359 24 51
0.14359 31 51
0.14359 12 31
0.14359 9 12
0.14359 25 36
0.14359 45 47
0.14359 22 29
0.14359 7 24
0.145455 40 44
0.145455 30 36
0.145833 0 54
0.145833 0 20
0.15 10 14
0.15 0 52
0.15 33 55
0.15 51 52
0.15 3 55
0.15 51 54
0.15 23 51
0.15 7 41
0.15 0 23
0.15 0 51
0.15 3 7
0.152632 8 56
0.152632 25 43
0.152632 15 54
0.152632 26 56
0.152632 8 43
0.152632 26 49
0.152632 5 56
0.153409 0 45
0.153409 45 49
0.153409 37 45
0.153642 26 44
0.153846 12 17
0.153846 5 17
0.153846 5 46
0.153846 20 42
0.155556 2 27
0.155556 53 54
0.156566 13 34
0.156566 13 30
0.15691 13 44
0.157576 3 43
0.157576 7 13
0.157576 31 43
0.157576 0 16
0.157576 45 57
0.157576 47 57
0.157576 3 31
0.157576 3 35
0.157576 23 57
0.157576 13 42
0.157576 9 10
0.157576 34 54
0.157576 9 15
0.157576 40 47
0.157576 33 54
0.158824 21 46
0.158824 35 52
0.158824 4 39
0.160256 6 51
0.160256 20 48
0.160256 25 51
0.160256 17 39
0.160256 7 20
0.160256 14 51
0.160256 0 27
0.160256 46 48
0.160256 39 57
0.160256 19 51
0.160256 30 46
0.160256 7 51
0.162338 3 44
0.1625 25 54
0.163743 13 49
0.166667 37 51
0.166667 33 45
0.166667 36 47
0.166667 29 45
0.166667 3 54
0.166667 22 43
0.166667 25 29
0.166667 30 55
0.166667 16 31
0.166667 31 33
0.166667 20 52
0.166667 20 44
0.166667 33 43
0.166667 33 56
0.166667 4 26
0.166667 31 34
0.166667 15 16
0.166667 14 26
0.166667 38 55
0.166667 47 52
0.166667 47 51
0.166667 39 55
0.166667 38 52
0.166667 10 39
0.166667 5 31
0.166667 2 45
0.166667 5 55
0.166667 26 28
0.166667 39 56
0.166667 46 52
0.166667 5 37
0.166667 40 45
0.166667 8 55
0.166667 9 52
0.167832 44 57
0.167832 17 18
0.167832 7 40
0.167832 18 21
0.167832 11 42
0.167832 10 31
0.167832 31 46
0.167832 1 57
0.167832 42 47
0.167832 45 46
0.167832 4 45
0.167832 11 45
0.167832 0 44
0.167832 9 35
0.167832 3 45
0.169935 11 46
0.169935 4 24
0.169935 11 24
0.171429 41 53
0.171429 27 41
0.174242 9 18
0.174242 23 44
0.174242 47 48
0.174242 37 57
0.174242 7 18
0.174242 0 48
0.174242 0 47
0.176923 42 46
0.176923 40 56
0.176923 4 30
0.176923 17 32
0.176923 20 31
0.176923 18 27
0.176923 5 39
0.176923 7 17
0.176923 5 14
0.176923 27 45
0.177778 32 57
0.177778 34 43
0.177778 18 22
0.177778 35 49
0.177778 22 56
0.177778 4 43
0.177778 15 57
0.177778 2 57
0.177933 36 51
0.177933 26 48
0.178788 16 51
0.180556 48 53
0.181818 0 18
0.181818 10 13
0.18254 25 30
0.183333 27 49
0.183333 14 44
0.183333 14 39
0.183333 19 28
0.183333 19 52
0.183333 6 17
0.183333 11 33
0.183333 8 52
0.183333 30 49
0.183333 8 23
0.183333 23 30
0.183333 23 29
0.183333 30 52
0.183333 19 23
0.183333 18 52
0.183333 23 39
0.183333 49 52
0.184343 30 48
0.188034 42 57
0.188034 30 31
0.188034 47 56
0.188995 18 44
0.190909 4 8
0.190909 35 45
0.190909 10 43
0.190909 16 45
0.190909 2 28
0.190909 44 56
0.194444 14 37
0.194444 10 30
0.194444 1 55
0.194444 47 55
0.194444 9 27
0.194444 37 47
0.195455 12 36
0.196221 5 42
0.196429 25 53
0.198413 19 21
0.198413 21 53
0.198465 49 54
0.199145 26 33
0.199145 33 48
0.199301 12 30
0.2 27 56
0.2 14 38
0.2 2 41
0.2 23 41
0.2 35 54
0.2 27 38
0.2 16 37
0.2 5 23
0.2 26 52
0.20098 21 37
0.20101 26 30
0.201923 40 46
0.201923 7 48
0.201923 9 17
0.20202 4 15
0.20202 20 24
0.20202 38 43
0.20202 43 46
0.20202 6 9
0.20202 13 57
0.20202 35 57
0.20202 11 17
0.202364 29 46
0.20303 8 34
0.204762 3 22
0.204762 3 34
0.204762 3 16
0.204762 16 28
0.205556 27 54
0.20609 1 45
0.208333 7 39
0.208333 25 39
0.208333 1 9
0.209524 32 45
0.209524 3 40
0.209524 2 36
0.209524 6 19
0.209524 39 45
0.210207 29 54
0.210256 34 57
0.210256 12 45
0.211111 8 21
0.211111 28 56
0.211111 25 31
0.211111 4 17
0.211111 28 42
0.211111 11 43
0.211111 14 28
0.211111 14 49
0.212121 29 35
0.212121 30 51
0.212121 16 40
0.212121 16 29
0.212121 12 41
0.212888 18 25
0.213287 29 48
0.214286 1 3
0.214286 3 53
0.214286 44 53
0.214379 27 35
0.215132 25 56
0.215812 17 30
0.216667 28 51
0.21908 27 46
0.219298 12 43
0.219298 29 49
0.219298 46 47
0.219298 26 54
0.219298 39 47
0.220513 5 51
0.221161 1 24
0.222222 27 33
0.222222 26 27
0.222222 22 26
0.222378 18 30
0.223232 8 13
0.223232 12 13
0.223388 10 48
0.223388 48 57
0.223388 17 48
0.224242 12 24
0.225 4 23
0.225 11 19
0.22549 4 27
0.22549 4 29
0.22619 20 27
0.22619 8 37
0.22619 6 55
0.22619 20 23
0.226874 47 54
0.226923 12 39
0.226923 51 57
0.229555 26 39
0.230409 15 49
0.231685 3 25
0.232479 17 42
0.233333 12 14
0.233333 19 41
0.233333 33 49
0.233489 11 34
0.233489 38 48
0.233489 30 40
0.233766 6 20
0.234499 38 42
0.234499 8 45
0.234499 0 57
0.235965 39 49
0.236111 25 48
0.236364 38 40
0.236364 8 11
0.236601 13 24
0.236601 35 55
0.236742 0 49
0.236742 20 54
0.237179 20 30
0.237179 19 46
0.237179 17 51
0.238095 16 27
0.238889 19 54
0.240666 5 25
0.240909 6 8
0.240909 3 10
0.240909 3 57
0.241676 12 18
0.242157 27 52
0.242157 27 39
0.242157 32 52
0.242157 28 39
0.242857 26 53
0.243541 6 47
0.24359 30 42
0.24359 14 45
0.24359 9 46
0.24359 10 22
0.24359 8 14
0.24359 32 51
0.24359 34 45
0.24359 5 48
0.24359 9 20
0.244444 24 57
0.2446 26 51
0.2446 38 51
0.245455 11 41
0.245833 1 54
0.246465 2 42
0.247076 47 49
0.247475 13 48
0.248485 0 10
0.25 11 14
0.25 19 55
0.25 19 49
0.25 29 55
0.251166 7 9
0.251166 0 8
0.251166 8 46
0.251166 17 57
0.251166 3 46
0.252632 2 44
0.253268 37 55
0.253409 41 54
0.253846 1 42
0.253846 30 56
0.253968 18 37
0.254312 39 44
0.254652 43 56
0.254652 35 43
0.254978 8 40
0.254978 36 40
0.254978 34 36
0.255556 2 33
0.255711 26 34
0.255711 34 51
0.256566 30 38
0.257576 6 42
0.257576 15 40
0.257576 10 16
0.257576 7 47
0.260256 3 17
0.260256 25 46
0.260844 13 21
0.260844 24 46
0.261111 9 25
0.261111 14 47
0.261111 49 55
0.261364 11 48
0.26452 37 56
0.264957 17 20
0.265152 8 20
0.265812 8 15
0.266667 33 44
0.266667 12 54
0.266667 30 39
0.266667 8 39
0.266667 16 21
0.266667 2 34
0.266667 22 38
0.266667 4 22
0.267157 11 39
0.267832 31 35
0.267832 4 42
0.267832 31 56
0.267857 37 53
0.26859 7 22
0.268687 10 15
0.268687 2 24
0.268687 12 28
0.268842 8 44
0.271368 32 48
0.271368 9 30
0.271429 25 44
0.271712 39 46
0.272378 12 51
0.272727 10 18
0.273144 12 56
0.273611 49 56
0.274242 10 17
0.274242 8 49
0.274242 8 54
0.274854 15 26
0.275 6 33
0.275 8 9
0.276923 14 27
0.276923 5 36
0.277778 25 40
0.277778 27 40
0.277778 34 37
0.278788 12 16
0.278788 29 40
0.278822 6 39
0.278943 46 56
0.279221 18 40
0.281685 22 24
0.281818 10 44
0.281818 20 29
0.28254 25 28
0.282576 4 40
0.282576 10 40
0.282634 48 51
0.283333 41 52
0.283333 1 52
0.283333 52 54
0.283333 6 37
0.285014 27 55
0.285014 21 39
0.285256 33 46
0.285354 35 47
0.285714 32 53
0.286398 2 18
0.287828 24 28
0.288034 11 20
0.288034 14 18
0.288034 4 56
0.288995 18 29
0.289044 30 35
0.290909 6 11
0.290909 17 28
0.29152 15 44
0.291667 33 40
0.291919 8 41
0.29359 3 51
0.294444 19 27
0.294444 14 35
0.294788 29 39
0.295455 18 41
0.296221 19 56
0.296221 5 26
0.296429 22 53
0.299145 5 27
0.299145 21 30
0.299242 23 46
0.3 7 33
0.3 3 33
0.300106 18 35
0.300155 12 48
0.30101 26 41
0.30101 36 41
0.301116 29 47
0.301165 10 24
0.30202 15 21
0.30202 18 28
0.30303 8 16
0.305556 30 57
0.305711 11 12
0.30609 25 45
0.307175 27 44
0.307332 5 12
0.307576 7 15
0.307792 16 44
0.308824 23 52
0.309524 26 32
0.310207 2 15
0.310207 44 49
0.310207 2 47
0.310256 10 51
0.310256 5 34
0.310256 33 39
0.310256 7 12
0.311111 13 25
0.311422 18 45
0.312121 13 16
0.3125 20 49
0.313287 35 40
0.313524 21 24
0.313585 1 27
0.313889 19 22
0.314286 1 53
0.315812 19 30
0.315873 22 34
0.315873 24 34
0.316399 37 44
0.316883 16 41
0.3171 3 37
0.317711 2 26
0.317832 0 28
0.318444 19 42
0.31978 19 31
0.31978 15 27
0.31978 27 36
0.31978 21 45
0.320635 15 55
0.321678 12 20
0.322222 28 35
0.323413 19 53
0.324242 9 47
0.324242 7 42
0.324398 12 38
0.32619 15 23
0.32619 20 55
0.32619 6 36
0.326656 4 21
0.326923 39 51
0.326923 14 25
0.326923 12 47
0.326923 14 36
0.32702 6 40
0.327457 20 56
0.330891 6 31
0.331419 26 29
0.332479 19 33
0.333066 28 46
0.333333 5 29
0.333333 16 33
0.333333 7 14
0.333333 2 14
0.333333 33 37
0.333333 25 47
0.333766 31 45
0.333766 38 45
0.333766 31 44
0.334402 17 19
0.335256 7 19
0.335354 15 42
0.335354 8 24
0.336601 28 37
0.337179 19 20
0.337179 7 32
0.337302 28 55
0.338034 8 57
0.338095 25 34
0.339105 41 44
0.339394 10 38
0.339899 29 30
0.340278 37 49
0.340909 8 47
0.341399 10 23
0.342857 28 36
0.342857 2 37
0.34359 5 20
0.34359 29 31
0.34359 21 56
0.344444 21 57
0.3446 8 51
0.34561 38 57
0.34561 34 47
0.34561 9 40
0.35 28 52
0.35 1 7
0.35 14 21
0.35049 37 39
0.351166 21 47
0.351777 19 35
0.351923 39 48
0.35303 12 29
0.353968 18 32
0.354652 18 49
0.354701 15 25
0.354701 5 15
0.354701 11 56
0.354701 31 40
0.355556 2 22
0.355556 22 33
0.357576 4 49
0.357576 23 38
0.357576 33 47
0.357576 4 16
0.358333 10 34
0.35893 13 29
0.359463 25 27
0.360844 10 42
0.365235 18 36
0.365873 28 30
0.365909 6 12
0.366667 29 56
0.366667 32 41
0.368541 6 46
0.369298 15 29
0.369697 29 34
0.369755 12 46
0.369935 13 37
0.375 32 33
0.376923 33 42
0.376923 5 33
0.377778 13 22
0.379701 4 12
0.379798 24 38
0.380711 12 40
0.380952 27 34
0.383333 21 25
0.385014 23 27
0.385747 1 39
0.38713 6 29
0.390909 2 4
0.390909 6 35
0.391015 13 18
0.391667 7 25
0.392832 1 17
0.39359 7 29
0.394444 1 15
0.395105 11 18
0.395833 41 49
0.396125 32 55
0.396221 8 25
0.396999 45 56
0.399145 34 56
0.4 12 22
0.4 2 16
0.401681 21 44
0.40202 38 56
0.402413 1 21
0.40303 8 38
0.403409 20 41
0.403788 34 40
0.404433 24 29
0.406818 1 10
0.406818 4 10
0.406818 10 46
0.407332 18 56
0.407576 29 33
0.407814 31 32
0.408343 12 26
0.408741 10 29
0.409524 32 44
0.409524 32 39
0.410207 6 13
0.410534 26 36
0.410689 6 21
0.411111 25 38
0.412121 35 41
0.413034 34 46
0.416399 4 44
0.416667 33 35
0.417262 25 41
0.417832 6 7
0.420635 15 34
0.421318 15 47
0.421429 27 30
0.425 11 22
0.42549 4 37
0.42619 23 36
0.427778 12 15
0.428943 29 57
0.429167 37 41
0.431818 8 10
0.431818 10 47
0.433333 5 41
0.433766 31 38
0.433929 1 25
0.435256 1 33
0.435354 28 33
0.436111 22 37
0.436364 11 16
0.437767 21 42
0.438034 14 15
0.438095 22 41
0.439811 12 19
0.44188 17 46
0.442075 11 47
0.442075 8 28
0.44359 1 5
0.444444 32 47
0.444444 4 5
0.44561 29 32
0.447475 13 35
0.448485 2 10
0.45119 6 23
0.451777 5 19
0.451923 1 19
0.454652 2 13
0.456061 10 11
0.457634 12 34
0.459596 10 28
0.460844 4 13
0.461111 32 49
0.461111 28 49
0.461111 1 14
0.462277 1 47
0.463034 19 48
0.465909 7 11
0.465909 10 12
0.466667 22 35
0.467157 11 37
0.470833 25 37
0.471429 16 25
0.472222 25 32
0.473842 28 44
0.474242 33 41
0.476166 32 46
0.476263 28 47
0.477778 5 32
0.477778 14 56
0.482479 30 32
0.48355 34 44
0.486096 11 13
0.486447 19 38
0.487457 8 36
0.491667 1 23
0.496429 22 25
0.50202 4 35
0.502778 10 33
0.505817 18 47
0.508333 11 25
0.508775 8 18
0.511544 21 38
0.511544 2 8
0.513743 12 25
0.515909 4 6
0.516667 14 29
0.517832 7 21
0.522329 8 12
0.522533 20 46
0.522558 32 40
0.523611 1 49
0.524242 15 38
0.525336 15 36
0.529004 28 41
0.530808 11 35
0.531746 15 32
0.53445 2 6
0.534989 1 46
0.535086 10 35
0.535698 35 42
0.536398 6 15
0.542686 35 56
0.544177 21 35
0.544444 5 28
0.54561 20 38
0.547475 11 38
0.549206 1 22
0.552381 32 36
0.557255 1 20
0.562792 32 37
0.565152 10 57
0.566667 2 25
0.567075 6 10
0.571429 16 22
0.573048 21 32
0.574675 20 28
0.575141 28 29
0.57619 15 28
0.576656 11 21
0.579798 15 35
0.583868 1 56
0.585256 12 33
0.59478 19 39
0.594877 8 32
0.600032 27 28
0.601656 10 32
0.602778 4 32
0.603268 4 28
0.624675 6 38
0.628676 4 11
0.635354 28 38
0.635965 25 35
0.646367 4 34
0.657576 2 11
0.665307 8 29
0.66539 20 34
0.668687 2 21
0.687985 2 29
0.692929 2 38
0.699242 1 6
0.700433 1 2
0.705051 35 38
0.712302 32 34
0.721368 5 38
0.734343 38 41
0.741958 1 37
0.743322 10 21
0.779798 4 38
0.80101 36 38
0.816306 28 34
0.822655 32 38
0.827413 1 4
0.889658 6 32
0.973181 1 28
1.00599 28 32
1.01988 1 32
