0 7
0 9
0 12
0 14
0 15
0 16
0 17
0 18
0 19
0 22
0 23
0 24
0 25
0 27
0 28
0 30
0 31
4 7
4 9
4 10
4 11
4 13
4 16
4 17
4 18
4 19
4 20
4 21
4 22
4 23
4 24
4 25
4 27
4 28
4 30
4 31
5 7
5 9
5 10
5 11
5 12
5 16
5 18
5 20
5 21
5 24
5 27
5 28
5 30
5 31
7 10
7 11
7 18
7 19
7 20
7 22
7 24
7 27
7 28
7 31
9 11
9 12
9 17
9 18
9 19
9 22
9 24
9 25
9 27
9 28
9 31
10 12
10 13
10 17
10 18
10 19
10 21
10 22
10 23
10 24
10 25
10 27
10 28
10 30
10 31
11 12
11 13
11 14
11 15
11 17
11 18
11 19
11 21
11 24
11 27
11 28
11 30
11 31
12 13
12 22
12 23
12 24
12 27
12 28
13 14
13 15
13 17
13 18
13 19
13 23
13 24
13 27
13 28
13 30
13 31
14 17
14 25
14 27
14 28
15 16
15 18
15 19
15 20
15 22
15 23
15 24
15 27
15 28
15 30
15 31
16 18
16 27
16 28
17 18
17 19
17 20
17 22
17 23
17 24
17 27
17 28
17 31
18 22
18 23
18 24
18 25
18 30
19 22
19 24
19 25
19 30
20 21
20 22
20 24
20 30
20 31
21 23
21 24
21 27
21 28
22 24
22 25
22 27
22 28
22 30
23 24
23 25
23 27
23 28
23 30
23 31
24 25
24 27
24 28
24 30
25 27
25 28
25 30
25 31
27 30
27 31
28 30
28 31
30 31
